2 0.277180 0.686330 0.132450 0.260580
2 0.626630 0.439100 0.031040 0.036690
2 0.343170 0.426650 0.054390 0.057930
2 0.408240 0.436630 0.026670 0.042690
2 0.869890 0.416150 0.040490 0.093080
2 0.587860 0.423680 0.046700 0.045840
2 0.718260 0.431320 0.075830 0.052740
2 0.079860 0.487890 0.056930 0.044690
2 0.464360 0.433690 0.042200 0.048420
2 0.132670 0.485890 0.058100 0.044710
2 0.382090 0.430780 0.019610 0.042170
2 0.243030 0.459020 0.025070 0.039650
2 0.941180 0.405100 0.021300 0.041560
2 0.856760 0.455500 0.039430 0.040230
2 0.742580 0.459700 0.057300 0.038360
2 0.219700 0.466920 0.020700 0.025200
2 0.966800 0.403970 0.045900 0.047450
2 0.536300 0.448150 0.031380 0.038810
2 0.761870 0.465730 0.027000 0.034210
2 0.793530 0.462240 0.032430 0.035590
2 0.930750 0.438180 0.072450 0.041370
2 0.982130 0.407300 0.035400 0.046290
2 0.776350 0.439410 0.045850 0.039370
2 0.510460 0.467540 0.060960 0.031830
2 0.051450 0.453450 0.030560 0.048820
2 0.984520 0.447460 0.029780 0.025400
2 0.536280 0.452620 0.032190 0.047390
2 0.344296 0.452351 0.056126 0.030941
2 0.428938 0.460396 0.057031 0.037129