3 0.148438 0.195833 0.055625 0.103333
3 0.193125 0.205417 0.043750 0.087500
3 0.193125 0.122916 0.036250 0.109167
3 0.294687 0.210417 0.063125 0.232500
3 0.423125 0.173750 0.026250 0.075834
3 0.443125 0.165417 0.027500 0.072500
3 0.472812 0.155000 0.026875 0.116666
3 0.502500 0.160000 0.025000 0.096666
3 0.542500 0.154583 0.032500 0.175833
3 0.585000 0.092917 0.030000 0.062500
3 0.596875 0.159167 0.050000 0.170000
3 0.622500 0.147084 0.030000 0.160833
3 0.660000 0.105417 0.025000 0.077500
3 0.679375 0.100000 0.006250 0.055000
3 0.695625 0.087500 0.010000 0.038334
3 0.884062 0.238334 0.146875 0.428333
3 0.041563 0.371250 0.024375 0.019166
3 0.300312 0.314584 0.023125 0.019167
3 0.313438 0.314167 0.008125 0.011667
3 0.435312 0.214167 0.015625 0.005000
3 0.446250 0.211666 0.008750 0.006667
3 0.459375 0.206667 0.011250 0.006667
3 0.480625 0.212500 0.005000 0.005000
3 0.499375 0.205834 0.011250 0.008333
3 0.510938 0.207500 0.006875 0.005000
3 0.529062 0.239167 0.011875 0.006667
3 0.543438 0.239167 0.019375 0.010000
3 0.588437 0.243750 0.014375 0.012500
3 0.611875 0.240000 0.008750 0.011666
3 0.614688 0.215834 0.013125 0.006667
3 0.627188 0.218334 0.009375 0.006667
3 0.696250 0.455417 0.040000 0.015833
3 0.723437 0.432916 0.029375 0.015833
3 0.820312 0.420417 0.021875 0.037500
3 0.881875 0.432500 0.033750 0.041666
3 0.345000 0.300833 0.060000 0.060000
3 0.762813 0.397500 0.101875 0.153334