3 0.786250 0.081590 0.328750 0.163180
3 0.033437 0.088703 0.023125 0.016736
3 0.059687 0.078243 0.031875 0.037657
3 0.110937 0.102510 0.026875 0.014226
3 0.141875 0.094143 0.032500 0.037657
3 0.225000 0.105857 0.017500 0.010879
3 0.257812 0.094142 0.019375 0.034310
3 0.363437 0.137657 0.031875 0.019247
3 0.432500 0.123012 0.038750 0.058577
3 0.494688 0.138912 0.019375 0.006694
3 0.565312 0.120502 0.031875 0.056904
3 0.677813 0.157741 0.046875 0.034309
3 0.803750 0.137657 0.051250 0.091214
3 0.918438 0.134309 0.035625 0.074477
3 0.541250 0.513807 0.372500 0.547281
3 0.034688 0.010879 0.069375 0.018410
3 0.172500 0.060670 0.221250 0.094561
3 0.452813 0.082427 0.298125 0.144770