3 0.644062 0.509381 0.094375 0.367730
3 0.645625 0.569887 0.098750 0.608818
3 0.838437 0.549718 0.155625 0.789869
3 0.031875 0.620076 0.063750 0.444653
3 0.459375 0.350845 0.016250 0.052533
3 0.575000 0.362571 0.067500 0.160413
3 0.251563 0.538930 0.164375 0.736397
3 0.408438 0.554409 0.190625 0.632270
3 0.510938 0.334897 0.111875 0.240150
3 0.742188 0.555347 0.115625 0.754222
3 0.929688 0.426361 0.080625 0.295497
3 0.984687 0.413696 0.029375 0.298312
3 0.635312 0.576923 0.123125 0.669794
3 0.359688 0.801126 0.090625 0.302064