3 0.093750 0.465290 0.150000 0.619137
3 0.562188 0.436679 0.125625 0.563790
3 0.562188 0.436679 0.125625 0.563790
3 0.396562 0.430113 0.078125 0.430581
3 0.089688 0.265948 0.063125 0.079737
3 0.264688 0.192307 0.033125 0.033771
3 0.354063 0.231708 0.024375 0.031895
3 0.393750 0.258912 0.060000 0.078799
3 0.555625 0.202157 0.036250 0.053471
3 0.283438 0.497186 0.181875 0.697936
3 0.419375 0.401970 0.051250 0.426830
3 0.024375 0.418386 0.048750 0.335835
3 0.107187 0.507035 0.168125 0.428705
3 0.282812 0.528142 0.186875 0.617261
3 0.348438 0.292683 0.026875 0.080676
3 0.393437 0.390244 0.074375 0.234522
3 0.421875 0.428705 0.041250 0.311445
3 0.670625 0.572701 0.101250 0.269231
3 0.786250 0.559568 0.148750 0.282364