3 0.564375 0.500833 0.208750 0.715000
3 0.052500 0.337500 0.057500 0.181666
3 0.146875 0.315000 0.028750 0.156666
3 0.448125 0.255000 0.041250 0.136666
3 0.543750 0.201667 0.025000 0.063333
3 0.758750 0.537500 0.215000 0.818334
3 0.679375 0.198333 0.023750 0.076667
3 0.985000 0.180000 0.027500 0.183334
3 0.050625 0.338333 0.053750 0.140000
3 0.105625 0.410000 0.063750 0.236666
3 0.146250 0.318333 0.030000 0.133333
3 0.203125 0.385000 0.083750 0.210000
3 0.410000 0.265833 0.032500 0.105000
3 0.447500 0.255834 0.037500 0.111667
3 0.575000 0.365833 0.190000 0.305000
3 0.538125 0.211667 0.021250 0.043333
3 0.747500 0.555834 0.197500 0.688333
3 0.659375 0.220000 0.018750 0.086666
3 0.678750 0.202500 0.015000 0.055000
3 0.698125 0.259166 0.031250 0.048333
3 0.714375 0.207500 0.026250 0.075000
3 0.816250 0.216667 0.022500 0.080000
3 0.988125 0.190000 0.021250 0.146666
3 0.244375 0.798333 0.218750 0.370000
3 0.700625 0.670000 0.306250 0.243334