3 0.538750 0.633333 0.122500 0.235000
3 0.012812 0.333750 0.025625 0.212500
3 0.210625 0.343333 0.195000 0.320000
3 0.341250 0.092500 0.027500 0.150000
3 0.376875 0.186667 0.048750 0.158333
3 0.542813 0.544583 0.096875 0.199167
3 0.634062 0.128750 0.051875 0.129166
3 0.830000 0.752084 0.338750 0.494167
3 0.870938 0.070000 0.048125 0.140000
3 0.887188 0.376667 0.056875 0.218333
3 0.939063 0.627916 0.120625 0.279167
3 0.974063 0.332917 0.050625 0.230833
3 0.636875 0.182084 0.047500 0.090833
3 0.285312 0.828334 0.060625 0.153333
3 0.323437 0.756667 0.056875 0.058333
3 0.335938 0.838334 0.034375 0.153333
3 0.360000 0.741667 0.038750 0.098333
3 0.411563 0.796250 0.049375 0.124166
3 0.430312 0.700833 0.048125 0.108333
3 0.432500 0.723750 0.040000 0.069166
3 0.496563 0.704167 0.049375 0.111667
3 0.631875 0.287500 0.032500 0.053334
3 0.629063 0.234167 0.019375 0.050000
3 0.639062 0.320000 0.018125 0.060000
3 0.649687 0.258750 0.019375 0.044166
3 0.671563 0.210000 0.024375 0.050000
3 0.675625 0.316250 0.030000 0.067500
3 0.676875 0.252084 0.030000 0.034167
3 0.685312 0.282917 0.025625 0.040833