3 0.189453 0.880392 0.154297 0.202614
3 0.303223 0.554902 0.192383 0.511112
3 0.239746 0.257516 0.055664 0.177778
3 0.312500 0.241830 0.054688 0.169934
3 0.074707 0.792810 0.149414 0.233987
3 0.169434 0.740523 0.157227 0.228758
3 0.149414 0.662745 0.101562 0.159477
3 0.661621 0.750980 0.143554 0.171242
3 0.683106 0.875817 0.153321 0.245752
3 0.741699 0.675164 0.147461 0.168627
3 0.742676 0.757516 0.125976 0.200000
3 0.378907 0.309150 0.042969 0.069281
3 0.465332 0.526144 0.124024 0.173856
3 0.585449 0.671242 0.764648 0.184314