3 0.541250 0.298781 0.101250 0.456849
3 0.858750 0.797843 0.087500 0.098499
3 0.400625 0.136491 0.006250 0.008443
3 0.403125 0.137899 0.001250 0.005629
3 0.423750 0.139775 0.006250 0.005628
3 0.437500 0.140713 0.006250 0.007504
3 0.517813 0.492495 0.028125 0.018762
3 0.562500 0.502814 0.033750 0.020638
3 0.618750 0.163227 0.005000 0.003752
3 0.628125 0.165104 0.005000 0.007505
3 0.651875 0.171201 0.006250 0.004690
3 0.692500 0.674953 0.055000 0.053471
3 0.727500 0.659005 0.046250 0.047843
3 0.808125 0.748124 0.091250 0.049718
3 0.235000 0.247186 0.060000 0.064728
3 0.269687 0.359756 0.031875 0.047842
3 0.321250 0.340526 0.058750 0.056285
3 0.494062 0.688555 0.179375 0.163227
3 0.579063 0.806754 0.174375 0.168856
3 0.606875 0.710600 0.148750 0.092871
3 0.681250 0.458724 0.070000 0.129456
3 0.787813 0.568949 0.078125 0.107880