3 0.496484 0.428437 0.255469 0.564375
3 0.516406 0.234375 0.176563 0.173750
3 0.499609 0.206250 0.128906 0.103750
3 0.379297 0.910000 0.130468 0.097500
3 0.474610 0.204063 0.024219 0.015625
3 0.517188 0.210938 0.018751 0.006875
3 0.696484 0.203125 0.014844 0.010000
3 0.509766 0.465313 0.252344 0.379375
3 0.494922 0.243750 0.046094 0.020000
3 0.696484 0.240312 0.014844 0.011875
3 0.653906 0.187812 0.109375 0.081875
3 0.299218 0.621250 0.046875 0.047500
3 0.657031 0.199375 0.129687 0.112500
3 0.319531 0.664062 0.070313 0.128125
3 0.438281 0.673125 0.115625 0.083750
3 0.653516 0.446562 0.167969 0.598125
3 0.638672 0.259062 0.721094 0.518125
3 0.588672 0.421250 0.199219 0.307500
3 0.489844 0.851250 0.979688 0.296250
3 0.820703 0.562188 0.357032 0.313125
3 0.849219 0.897188 0.082812 0.059375
3 0.283594 0.622188 0.042188 0.039375
3 0.464062 0.649375 0.053125 0.056250
3 0.500000 0.221250 0.084376 0.103750
3 0.676562 0.204688 0.059375 0.081875
3 0.689063 0.217187 0.051563 0.086875
3 0.501953 0.222187 0.032031 0.025625
3 0.706250 0.216250 0.017188 0.017500