3 0.234063 0.629456 0.163125 0.369606
3 0.026875 0.455910 0.053750 0.328330
3 0.078750 0.428236 0.091250 0.434334
3 0.126563 0.592402 0.089375 0.340525
3 0.210625 0.352251 0.108750 0.244841
3 0.200937 0.577861 0.084375 0.373358
3 0.238750 0.631802 0.135000 0.357411
3 0.245937 0.307693 0.030625 0.078799
3 0.288750 0.342402 0.086250 0.287055
3 0.308125 0.590525 0.111250 0.370544
3 0.377188 0.417449 0.109375 0.409005
3 0.393750 0.593340 0.083750 0.361163
3 0.425000 0.298312 0.056250 0.121951
3 0.478438 0.406660 0.114375 0.192307
3 0.477812 0.306754 0.084375 0.153846
3 0.482187 0.579268 0.093125 0.333021
3 0.534062 0.346623 0.038125 0.128518
3 0.570625 0.473264 0.103750 0.458725
3 0.615625 0.569418 0.103750 0.302064
3 0.641250 0.339587 0.060000 0.165103
3 0.691875 0.506567 0.107500 0.542214
3 0.770938 0.563321 0.138125 0.586304
3 0.880938 0.472326 0.078125 0.327393
3 0.905625 0.458255 0.090000 0.267354
3 0.964063 0.479831 0.070625 0.346154
3 0.025625 0.443246 0.042500 0.197936
3 0.080312 0.389305 0.074375 0.247655
3 0.125000 0.602720 0.087500 0.248593
3 0.133437 0.386961 0.026875 0.115385
3 0.142813 0.327862 0.025625 0.029081
3 0.159687 0.381801 0.025625 0.090056
3 0.201875 0.579268 0.097500 0.272983
3 0.212813 0.397280 0.109375 0.194183
3 0.240312 0.666980 0.120625 0.300187
3 0.285312 0.373358 0.066875 0.215760
3 0.312812 0.593340 0.114375 0.267355
3 0.376250 0.454503 0.110000 0.336773
3 0.394062 0.599906 0.084375 0.276736
3 0.427500 0.384615 0.051250 0.161351
3 0.472813 0.596154 0.114375 0.269231
3 0.475625 0.465291 0.093750 0.212008
3 0.477813 0.338649 0.083125 0.076923
3 0.533750 0.426360 0.038750 0.194184
3 0.574063 0.487336 0.090625 0.351782
3 0.619375 0.602252 0.107500 0.242027
3 0.641875 0.407598 0.052500 0.177299
3 0.694375 0.508912 0.113750 0.413696
3 0.778438 0.562383 0.118125 0.424953
3 0.874375 0.433396 0.058750 0.166980
3 0.919375 0.438555 0.056250 0.162289
3 0.970938 0.455441 0.056875 0.188556
3 0.580937 0.695121 0.081875 0.142589
3 0.643750 0.751407 0.107500 0.146342