3 0.822812 0.195122 0.189375 0.288930
3 0.575000 0.128518 0.395000 0.247655
3 0.516563 0.075047 0.109375 0.067542
3 0.499688 0.499531 0.999375 0.999062
3 0.192188 0.053940 0.029375 0.045966
3 0.769062 0.037054 0.056875 0.074109
3 0.499688 0.499531 0.999375 0.999062
3 0.022812 0.249531 0.045625 0.165104
3 0.079375 0.136960 0.038750 0.067543
3 0.152500 0.068949 0.105000 0.137899
3 0.241875 0.142589 0.046250 0.067542
3 0.025000 0.246248 0.050000 0.139775
3 0.076250 0.161820 0.047500 0.109756
3 0.169063 0.072702 0.133125 0.145403
3 0.238125 0.147280 0.053750 0.084427
3 0.077813 0.195122 0.058125 0.213884
3 0.181250 0.391651 0.238750 0.779550
3 0.269375 0.244372 0.115000 0.284241
3 0.022187 0.794559 0.044375 0.324578
3 0.023750 0.433396 0.047500 0.307692
3 0.060000 0.281895 0.028750 0.166042
3 0.179688 0.450750 0.241875 0.650093
3 0.306562 0.316135 0.029375 0.157598
3 0.819063 0.662289 0.360625 0.673546
3 0.421250 0.674484 0.717500 0.649156
3 0.575313 0.127579 0.321875 0.253283
3 0.084375 0.386023 0.038750 0.342401
3 0.270625 0.334897 0.062500 0.287054
3 0.794375 0.662289 0.410000 0.673546