3 0.135500 0.255333 0.205000 0.132000
3 0.179000 0.525334 0.286000 0.490667
3 0.869000 0.178334 0.188000 0.179333
3 0.531000 0.603667 0.634000 0.770000
3 0.165500 0.169000 0.213000 0.207334
3 0.319000 0.172333 0.156000 0.190000
3 0.386000 0.264667 0.270000 0.224000
3 0.447500 0.168000 0.141000 0.146666
3 0.637500 0.180000 0.351000 0.144000
3 0.867500 0.171666 0.263000 0.184667
3 0.144500 0.311000 0.249000 0.203334
3 0.127000 0.345000 0.210000 0.135334
3 0.169500 0.500000 0.295000 0.236000
3 0.177000 0.205000 0.142000 0.179334
3 0.309000 0.312667 0.216000 0.189333
3 0.319500 0.194667 0.165000 0.128000
3 0.555500 0.863333 0.359000 0.272000
3 0.636500 0.208334 0.357000 0.176667
3 0.176500 0.786666 0.143000 0.398667
3 0.301000 0.746333 0.346000 0.414000
3 0.147500 0.253667 0.093000 0.056667
3 0.152500 0.098000 0.067000 0.046666
3 0.168500 0.363333 0.097000 0.080000
3 0.361500 0.213333 0.105000 0.084000
3 0.349000 0.124666 0.064000 0.041333
3 0.432000 0.145000 0.072000 0.062000
3 0.443000 0.369667 0.090000 0.051333