3 0.143437 0.504583 0.084375 0.345833
3 0.570937 0.390833 0.066875 0.135000
3 0.561562 0.395417 0.013125 0.014167
3 0.582188 0.397084 0.008125 0.010833
3 0.901250 0.326666 0.005000 0.008333
3 0.912188 0.327500 0.004375 0.006666
3 0.046875 0.702084 0.093750 0.594167
3 0.280937 0.501667 0.054375 0.265000
3 0.541875 0.663334 0.123750 0.671667
3 0.899062 0.504166 0.045625 0.418333
3 0.972813 0.552500 0.053125 0.363334
3 0.046875 0.692500 0.093750 0.613334
3 0.164375 0.522917 0.071250 0.229167
3 0.163750 0.488333 0.067500 0.205000
3 0.285938 0.498750 0.063125 0.225834
3 0.536875 0.723334 0.157500 0.551667
3 0.911250 0.489167 0.067500 0.426667
3 0.163438 0.371667 0.026875 0.033333
3 0.172500 0.393334 0.030000 0.041667
3 0.277813 0.380417 0.035625 0.042500
3 0.899062 0.331250 0.033125 0.062500
3 0.042500 0.681666 0.085000 0.576667
3 0.157812 0.508750 0.073125 0.227500
3 0.283750 0.512916 0.038750 0.235833
3 0.393125 0.746250 0.228750 0.505834
3 0.526563 0.722084 0.124375 0.554167
3 0.898438 0.518334 0.048125 0.348333
3 0.969688 0.539583 0.059375 0.327500
3 0.416875 0.602500 0.420000 0.780000
3 0.159062 0.372084 0.016875 0.034167
3 0.179063 0.397917 0.025625 0.030833
3 0.276562 0.381667 0.021875 0.046667
3 0.563438 0.400417 0.046875 0.104167
3 0.901250 0.333334 0.031250 0.053333