3 0.807500 0.411211 0.173334 0.325561
3 0.119583 0.343050 0.169167 0.259193
3 0.410000 0.468610 0.286666 0.854708
3 0.668750 0.528699 0.285834 0.485201
3 0.710000 0.371749 0.075000 0.171300
3 0.830417 0.422870 0.197500 0.348879
3 0.967083 0.541704 0.064167 0.538116
3 0.501250 0.645740 0.577500 0.475336
3 0.877500 0.537219 0.123334 0.177579
3 0.037083 0.440808 0.057500 0.076233
3 0.139583 0.266367 0.025833 0.030493
3 0.392083 0.139014 0.072500 0.093273
3 0.640834 0.378475 0.056667 0.062780
3 0.740417 0.335426 0.027500 0.048430
3 0.811667 0.302242 0.035000 0.048430
3 0.638750 0.371301 0.045834 0.021525