3 0.436211 0.528750 0.403377 0.843750
3 0.435272 0.545000 0.360226 0.855000
3 0.022514 0.098750 0.045028 0.092500
3 0.085834 0.083437 0.143527 0.146875
3 0.083490 0.158438 0.090056 0.095625
3 0.179644 0.090000 0.066605 0.055000
3 0.232177 0.136250 0.136023 0.098750
3 0.262664 0.093438 0.110694 0.150625
3 0.308631 0.186563 0.146341 0.183125
3 0.414165 0.082500 0.079738 0.056250
3 0.502345 0.060000 0.066604 0.066250
3 0.644934 0.085000 0.094747 0.065000
3 0.747186 0.299063 0.156660 0.305625
3 0.753752 0.130000 0.066604 0.056250
3 0.818011 0.165313 0.103190 0.123125
3 0.851314 0.073750 0.102251 0.121250
3 0.914165 0.125000 0.136022 0.093750
3 0.934334 0.202500 0.105066 0.116250
3 0.958724 0.085938 0.080675 0.100625
3 0.972795 0.020938 0.052533 0.041875
3 0.499531 0.341250 0.999062 0.582500
3 0.275797 0.373437 0.153846 0.191875