3 0.264375 0.649197 0.156250 0.189802
3 0.252188 0.541548 0.224375 0.714825
3 0.102813 0.615675 0.131875 0.232294
3 0.358437 0.496223 0.071875 0.125590
3 0.439375 0.361662 0.012500 0.050992
3 0.466875 0.388574 0.040000 0.042493
3 0.597500 0.349858 0.032500 0.034939
3 0.633125 0.355996 0.003750 0.026440
3 0.658438 0.355997 0.033125 0.054769
3 0.832188 0.347970 0.021875 0.038716
3 0.893437 0.349858 0.024375 0.038716
3 0.944687 0.397545 0.041875 0.060434
3 0.989062 0.391879 0.020625 0.020774
3 0.102813 0.899906 0.073125 0.079320
3 0.217188 0.910292 0.039375 0.081209
3 0.325937 0.878659 0.063125 0.059490
3 0.356250 0.722852 0.056250 0.046270
3 0.370312 0.680359 0.015625 0.031162
3 0.134688 0.524552 0.193125 0.807365
3 0.277813 0.555241 0.195625 0.810198
3 0.369688 0.438150 0.148125 0.608121
3 0.478125 0.351747 0.086250 0.223796
3 0.544063 0.338999 0.039375 0.209632
3 0.570000 0.334278 0.045000 0.156751
3 0.658125 0.330973 0.052500 0.186025
3 0.714688 0.301227 0.065625 0.154863
3 0.746875 0.318225 0.041250 0.185080
3 0.755000 0.365911 0.051250 0.248348
3 0.826250 0.336167 0.050000 0.160529
3 0.876875 0.317281 0.020000 0.143531
3 0.893437 0.317281 0.034375 0.154863
3 0.934063 0.363550 0.060625 0.264401
3 0.032500 0.443815 0.005000 0.013220
3 0.103438 0.888575 0.068125 0.088763
3 0.215938 0.911237 0.033125 0.069878
3 0.324688 0.880548 0.059375 0.057601
3 0.358125 0.703494 0.056250 0.086874
3 0.393750 0.436261 0.005000 0.013220
3 0.416250 0.408876 0.008750 0.009443
3 0.435937 0.458452 0.013125 0.012275
3 0.453125 0.451842 0.006250 0.014165
3 0.463438 0.456562 0.011875 0.016053
3 0.479687 0.445232 0.015625 0.034939
3 0.503125 0.365439 0.008750 0.011332
3 0.510312 0.367328 0.005625 0.007554
3 0.519375 0.408876 0.007500 0.009443
3 0.531562 0.460340 0.016875 0.023608
3 0.543125 0.423040 0.006250 0.009443
3 0.561562 0.372993 0.008125 0.003777
3 0.567500 0.393768 0.006250 0.005666
3 0.573125 0.408876 0.007500 0.005666
3 0.580625 0.400378 0.007500 0.018886
3 0.590938 0.422096 0.008125 0.007554
3 0.596875 0.440038 0.008750 0.013220
3 0.599375 0.421625 0.003750 0.016053
3 0.605000 0.435316 0.007500 0.015109
3 0.614688 0.407932 0.011875 0.011332
3 0.622500 0.380548 0.006250 0.005666
3 0.630000 0.372522 0.006250 0.010387
3 0.638437 0.409349 0.008125 0.014165
3 0.642188 0.389991 0.008125 0.016997
3 0.645625 0.407932 0.006250 0.007554
3 0.650000 0.425874 0.007500 0.015109
3 0.655625 0.415959 0.006250 0.008499
3 0.664062 0.428706 0.010625 0.013220
3 0.671875 0.399433 0.007500 0.009443
3 0.687187 0.491030 0.015625 0.016997
3 0.708438 0.494807 0.024375 0.020775
3 0.719062 0.488197 0.013125 0.018885
3 0.739688 0.408876 0.009375 0.011331
3 0.743437 0.425874 0.010625 0.018885
3 0.768437 0.489140 0.021875 0.016997
3 0.789688 0.478281 0.020625 0.046270
3 0.805000 0.479226 0.020000 0.040604
3 0.800000 0.432484 0.006250 0.015109
3 0.826875 0.403211 0.008750 0.022663
3 0.831250 0.411709 0.010000 0.005666
3 0.841250 0.393768 0.007500 0.007554
3 0.850625 0.392823 0.007500 0.013220
3 0.858750 0.380076 0.011250 0.008499
3 0.877500 0.399433 0.010000 0.007555
3 0.888750 0.397545 0.012500 0.011332
3 0.895938 0.400378 0.014375 0.013220
3 0.937500 0.489140 0.017500 0.016997
3 0.958750 0.481587 0.016250 0.024551
3 0.977812 0.484419 0.016875 0.007554
3 0.407813 0.418791 0.015625 0.061379
3 0.500625 0.413125 0.030000 0.042493
3 0.575625 0.617092 0.125000 0.218131