3 0.104895 0.680702 0.074592 0.308772
3 0.017483 0.349123 0.034965 0.087719
3 0.463869 0.092982 0.927739 0.185965
3 0.073427 0.349123 0.039627 0.101754
3 0.117716 0.349123 0.062937 0.080702
3 0.207459 0.350878 0.018648 0.049123
3 0.248252 0.373684 0.039627 0.108772
3 0.266900 0.464912 0.039627 0.200000
3 0.320512 0.443860 0.053613 0.228070
3 0.365967 0.380702 0.032634 0.115789
3 0.398601 0.480702 0.055944 0.196491
3 0.404428 0.378947 0.053613 0.126316
3 0.455711 0.389474 0.048951 0.119298
3 0.506993 0.378947 0.034966 0.098245
3 0.567600 0.396491 0.030303 0.126316
3 0.610723 0.389474 0.046620 0.119298
3 0.659674 0.496492 0.051282 0.185965
3 0.806527 0.422807 0.158508 0.207018
3 0.783217 0.507018 0.046620 0.200000
3 0.817017 0.721052 0.081585 0.242105
3 0.872961 0.568421 0.053613 0.210526
3 0.939394 0.591228 0.065268 0.235088
3 0.293706 0.538597 0.065268 0.045615
3 0.439393 0.526316 0.025641 0.091228
3 0.621212 0.540350 0.067599 0.105263
3 0.812355 0.778947 0.072261 0.154386
3 0.912587 0.661404 0.034965 0.108771
3 0.951049 0.680702 0.093240 0.105263