3 0.185000 0.589132 0.217500 0.665364
3 0.079687 0.494918 0.051875 0.243940
3 0.293125 0.510164 0.068750 0.319781
3 0.272813 0.400313 0.018125 0.020328
3 0.325313 0.709539 0.105625 0.261923
3 0.325313 0.472244 0.045625 0.175136
3 0.413750 0.508992 0.082500 0.242377
3 0.442812 0.566849 0.093125 0.092260
3 0.565000 0.641126 0.286250 0.716184
3 0.071875 0.600469 0.016250 0.018764
3 0.165938 0.929632 0.043125 0.057857
3 0.242813 0.859656 0.054375 0.058640
3 0.315000 0.811962 0.025000 0.043003
3 0.351875 0.818999 0.027500 0.043002
3 0.728125 0.836982 0.180000 0.254104