3 0.327500 0.085417 0.033750 0.029167
3 0.370625 0.106250 0.060000 0.034166
3 0.362500 0.412083 0.165000 0.797500
3 0.289375 0.057084 0.125000 0.114167
3 0.371563 0.072083 0.064375 0.125833
3 0.280313 0.425833 0.330625 0.851667
3 0.481563 0.348750 0.258125 0.697500
3 0.251563 0.810000 0.046875 0.053334
3 0.344062 0.813333 0.123125 0.085000
3 0.568437 0.754583 0.128125 0.237500
3 0.283750 0.314583 0.567500 0.570833
3 0.533750 0.246250 0.352500 0.475834
3 0.569063 0.072083 0.095625 0.144167
3 0.807500 0.208334 0.383750 0.416667