3 0.376250 0.496717 0.556250 0.813321
3 0.460000 0.657129 0.920000 0.683865
3 0.036250 0.912289 0.041250 0.047842
3 0.064375 0.604596 0.048750 0.051595
3 0.070000 0.985928 0.047500 0.026267
3 0.087188 0.407598 0.028125 0.034709
3 0.123438 0.325985 0.030625 0.040338
3 0.136250 0.856003 0.056250 0.049719
3 0.125312 0.901032 0.026875 0.036586
3 0.150313 0.982177 0.040625 0.033771
3 0.275625 0.979362 0.051250 0.039400
3 0.374688 0.991088 0.030625 0.015948
3 0.422500 0.319887 0.046250 0.063789
3 0.454375 0.982177 0.052500 0.033771
3 0.505000 0.441369 0.041250 0.059099
3 0.502812 0.520169 0.025625 0.036586
3 0.543438 0.396342 0.035625 0.049719
3 0.562812 0.452627 0.033125 0.044090
3 0.569375 0.577862 0.041250 0.052533
3 0.588125 0.729831 0.051250 0.067542
3 0.585938 0.984052 0.043125 0.030019
3 0.626250 0.335365 0.040000 0.051595
3 0.639063 0.465290 0.031875 0.054409
3 0.646562 0.992026 0.024375 0.014071
3 0.701875 0.535647 0.035000 0.048780
3 0.730000 0.503283 0.030000 0.036585
3 0.780000 0.749062 0.035000 0.044090
3 0.801562 0.701219 0.034375 0.040337
3 0.813125 0.336304 0.040000 0.049718
3 0.814063 0.841464 0.038125 0.048781
3 0.830625 0.785647 0.043750 0.040338
3 0.830000 0.543621 0.032500 0.032832
3 0.849687 0.224672 0.040625 0.042214
3 0.888437 0.651970 0.033125 0.043152
3 0.917813 0.448875 0.035625 0.036585
3 0.925937 0.667448 0.034375 0.042214
3 0.937812 0.546435 0.024375 0.023452
3 0.971562 0.948405 0.043125 0.065666
3 0.986875 0.605066 0.025000 0.067542
3 0.990000 0.550188 0.018750 0.034709