3 0.134063 0.591222 0.228125 0.567986
3 0.174687 0.476764 0.068125 0.335628
3 0.345000 0.494406 0.106250 0.441480
3 0.507812 0.532702 0.131875 0.407917
3 0.785000 0.571859 0.192500 0.596386
3 0.152813 0.333476 0.029375 0.037005
3 0.165313 0.628657 0.026875 0.033563
3 0.320312 0.669965 0.026875 0.049053
3 0.349375 0.303357 0.033750 0.016351
3 0.358437 0.695783 0.023125 0.030120
3 0.463438 0.716437 0.035625 0.030120
3 0.499688 0.482789 0.070625 0.168675
3 0.482500 0.495697 0.012500 0.027538
3 0.508125 0.712994 0.043750 0.033563
3 0.110313 0.864458 0.025625 0.047332
3 0.129688 0.850258 0.035625 0.041308
3 0.324688 0.670826 0.025625 0.042169
3 0.362812 0.693201 0.020625 0.047332
3 0.468750 0.718159 0.037500 0.033563
3 0.507812 0.711704 0.040625 0.043030
3 0.759062 0.792169 0.023125 0.093804
3 0.790938 0.846815 0.038125 0.048193
3 0.177187 0.803786 0.076875 0.134251
3 0.254062 0.804217 0.059375 0.174699
3 0.321875 0.793030 0.143750 0.183305
3 0.391563 0.676420 0.085625 0.110154
3 0.416563 0.595525 0.074375 0.144578