3 0.182500 0.573462 0.241250 0.669422
3 0.425000 0.469238 0.153750 0.602388
3 0.549687 0.320018 0.125625 0.342516
3 0.767187 0.479339 0.386875 0.958678
3 0.666250 0.369146 0.161250 0.584022
3 0.149062 0.497704 0.298125 0.995409
3 0.080312 0.382920 0.118125 0.231405
3 0.196875 0.673554 0.320000 0.564738
3 0.253125 0.434343 0.082500 0.214876
3 0.393437 0.615703 0.175625 0.408631
3 0.408750 0.446281 0.140000 0.453628
3 0.552187 0.346189 0.129375 0.290174
3 0.579375 0.466483 0.101250 0.161616
3 0.677188 0.375115 0.176875 0.465565
3 0.805625 0.407255 0.305000 0.814509
3 0.601250 0.667126 0.252500 0.632690