3 0.026250 0.432084 0.052500 0.059167
3 0.107813 0.907917 0.215625 0.182500
3 0.499688 0.734584 0.999375 0.529167
3 0.146250 0.256667 0.073750 0.041667
3 0.247500 0.222083 0.087500 0.044167
3 0.641875 0.390833 0.715000 0.356667
3 0.374688 0.261667 0.135625 0.090000
3 0.522500 0.239167 0.155000 0.326667
3 0.553438 0.571250 0.130625 0.339166
3 0.646562 0.304584 0.103125 0.124167
3 0.773438 0.320416 0.139375 0.089167
3 0.934063 0.418334 0.130625 0.258333
3 0.278750 0.508750 0.436250 0.529166
3 0.684063 0.510417 0.400625 0.349167
3 0.845625 0.276250 0.307500 0.339166