3 0.448333 0.155000 0.103333 0.240000
3 0.586000 0.361500 0.110666 0.171000
3 0.726000 0.319500 0.092000 0.291000
3 0.034667 0.177000 0.069333 0.354000
3 0.194667 0.130500 0.312000 0.261000
3 0.376000 0.081500 0.028000 0.163000
3 0.635333 0.314000 0.428000 0.622000
3 0.586000 0.148500 0.045334 0.267000
3 0.060333 0.563500 0.120667 0.123000
3 0.144334 0.610500 0.219333 0.291000
3 0.285667 0.632500 0.255333 0.335000
3 0.429333 0.766500 0.204000 0.267000
3 0.535334 0.759500 0.202667 0.327000
3 0.822000 0.797500 0.226666 0.403000
3 0.858667 0.752500 0.116000 0.435000