3 0.078750 0.839650 0.057500 0.095238
3 0.130625 0.692905 0.143750 0.365403
3 0.136875 0.547133 0.183750 0.684160
3 0.378437 0.316327 0.044375 0.177843
3 0.446875 0.427600 0.121250 0.452867
3 0.724063 0.606414 0.191875 0.684160
3 0.500313 0.332361 0.998125 0.664723
3 0.186250 0.849368 0.058750 0.050535
3 0.336250 0.392128 0.010000 0.043732
3 0.345000 0.396987 0.012500 0.041788
3 0.375312 0.389213 0.014375 0.026239
3 0.435312 0.617104 0.026875 0.064140
3 0.457187 0.642371 0.026875 0.021380
3 0.717812 0.930029 0.033125 0.044704
3 0.784062 0.923712 0.068125 0.043732
3 0.434375 0.781827 0.152500 0.137026
3 0.907500 0.893100 0.116250 0.172984
3 0.376563 0.354714 0.029375 0.093295