3 0.151562 0.465291 0.244375 0.808630
3 0.033750 0.642589 0.051250 0.238274
3 0.343125 0.495310 0.150000 0.793621
3 0.483438 0.477486 0.186875 0.844278
3 0.588437 0.720450 0.015625 0.069418
3 0.603438 0.709193 0.024375 0.091932
3 0.595000 0.711070 0.005000 0.046905
3 0.681250 0.511726 0.140000 0.800188
3 0.830000 0.480769 0.262500 0.961538
3 0.965000 0.665103 0.068750 0.238274
3 0.947188 0.708255 0.028125 0.136960
3 0.391875 0.787524 0.190000 0.409943
3 0.507812 0.687148 0.168125 0.490619
3 0.789062 0.702627 0.248125 0.547843