3 0.025937 0.377916 0.051875 0.120833
3 0.044062 0.286667 0.059375 0.055000
3 0.072500 0.376250 0.082500 0.069166
3 0.133750 0.309583 0.068750 0.122500
3 0.135313 0.332083 0.053125 0.074167
3 0.213438 0.352083 0.093125 0.089167
3 0.232813 0.380417 0.090625 0.087500
3 0.288125 0.347083 0.075000 0.064167
3 0.776250 0.673750 0.148750 0.185834
3 0.031875 0.381250 0.063750 0.102500
3 0.039688 0.291666 0.056875 0.053333
3 0.077813 0.373750 0.063125 0.085834
3 0.135313 0.297083 0.059375 0.067500
3 0.140313 0.327083 0.061875 0.055833
3 0.211875 0.344583 0.078750 0.079167
3 0.235938 0.377916 0.088125 0.094167
3 0.249063 0.402917 0.095625 0.099167
3 0.286250 0.347917 0.070000 0.072500