3 0.133750 0.526218 0.127500 0.700375
3 0.145625 0.804776 0.067500 0.195693
3 0.255937 0.629682 0.124375 0.309925
3 0.398125 0.514045 0.138750 0.670412
3 0.597500 0.506555 0.101250 0.601123
3 0.681250 0.539325 0.131250 0.627341
3 0.248125 0.463015 0.182500 0.740636
3 0.504063 0.490637 0.186875 0.795880
3 0.773125 0.523876 0.150000 0.590824
3 0.899063 0.527622 0.166875 0.676966
3 0.030625 0.679775 0.038750 0.084270
3 0.080937 0.674157 0.026875 0.088015
3 0.115000 0.815075 0.051250 0.190075
3 0.210938 0.676498 0.023125 0.025281
3 0.227187 0.816011 0.055625 0.057116
3 0.309375 0.799625 0.047500 0.056179
3 0.374688 0.831460 0.031875 0.058053
3 0.406562 0.828183 0.026875 0.047753
3 0.494375 0.849251 0.031250 0.067416
3 0.545000 0.830056 0.065000 0.044008
3 0.568750 0.786985 0.046250 0.034644
3 0.615312 0.787921 0.034375 0.036517
3 0.659687 0.813202 0.043125 0.044008
3 0.688438 0.827247 0.058125 0.057116
3 0.782813 0.797752 0.028125 0.031835
3 0.857500 0.816947 0.062500 0.040263
3 0.944063 0.832865 0.043125 0.045880
3 0.622500 0.712547 0.095000 0.226592
3 0.150000 0.210206 0.051250 0.090824
3 0.262500 0.174157 0.046250 0.082397
3 0.391250 0.228465 0.045000 0.080525
3 0.515000 0.144195 0.043750 0.099251
3 0.594062 0.252809 0.030625 0.063670
3 0.678750 0.281367 0.038750 0.079588
3 0.752500 0.269663 0.042500 0.089888
3 0.901875 0.240169 0.051250 0.085206
3 0.143750 0.610486 0.103750 0.235955
3 0.394375 0.645131 0.092500 0.323970
3 0.685937 0.639513 0.075625 0.316480
3 0.769687 0.668071 0.069375 0.205056
3 0.911875 0.680244 0.105000 0.279963