3 0.348405 0.589193 0.278369 0.566406
3 0.146277 0.150391 0.065603 0.196615
3 0.233156 0.154948 0.111702 0.203125
3 0.349291 0.607422 0.304964 0.574219
3 0.312057 0.122395 0.014184 0.018229
3 0.403369 0.190755 0.023050 0.040365
3 0.432624 0.212239 0.014184 0.054687
3 0.453901 0.218099 0.024823 0.058594
3 0.476950 0.285807 0.021277 0.061198
3 0.512412 0.300781 0.031915 0.052083
3 0.690603 0.177084 0.040780 0.013021
3 0.709220 0.338542 0.063830 0.106771
3 0.971631 0.216797 0.053192 0.011718
3 0.219858 0.164714 0.060284 0.157552
3 0.774822 0.513021 0.177305 0.247396
3 0.179078 0.750651 0.134752 0.285156
3 0.581560 0.718750 0.156028 0.312500
3 0.499113 0.212239 0.998227 0.367187