3 0.404628 0.863472 0.167604 0.182640
3 0.194184 0.536618 0.104440 0.409584
3 0.487492 0.659132 0.030644 0.095840
3 0.592870 0.842676 0.097561 0.159132
3 0.130707 0.541592 0.107567 0.448463
3 0.306442 0.751356 0.203877 0.444846
3 0.271420 0.472423 0.092558 0.335443
3 0.381176 0.470615 0.085679 0.339060
3 0.543465 0.342676 0.055035 0.132007
3 0.584740 0.408680 0.083803 0.218806
3 0.642276 0.396474 0.065041 0.268535
3 0.728893 0.470614 0.148218 0.402351
3 0.744841 0.542044 0.140087 0.641049
3 0.040025 0.419077 0.080050 0.122061
3 0.446530 0.629295 0.727955 0.679928
3 0.909631 0.764919 0.171982 0.320073