3 0.337962 0.373955 0.212963 0.271587
3 0.114815 0.633008 0.155556 0.082173
3 0.141667 0.159471 0.098148 0.079387
3 0.337963 0.364903 0.235186 0.281337
3 0.769444 0.383008 0.309259 0.253482
3 0.109259 0.655293 0.148148 0.065459
3 0.573148 0.405292 0.201852 0.197771
3 0.761111 0.421309 0.288889 0.165738
3 0.487963 0.411560 0.168518 0.179666
3 0.103704 0.633704 0.051852 0.052925
3 0.143518 0.140669 0.035185 0.033427
3 0.138889 0.144151 0.022222 0.026463
3 0.359259 0.269498 0.077778 0.076601
3 0.509259 0.275766 0.077778 0.077994
3 0.691666 0.322423 0.094445 0.090529