3 0.300833 0.888000 0.101667 0.077334
3 0.133750 0.714000 0.127500 0.446666
3 0.005834 0.492667 0.011667 0.030667
3 0.041250 0.557333 0.035834 0.109333
3 0.056667 0.514000 0.048333 0.225334
3 0.220834 0.496000 0.018333 0.029334
3 0.472917 0.529334 0.112500 0.413333
3 0.573750 0.537333 0.130834 0.661333
3 0.635000 0.510000 0.023334 0.094666
3 0.650000 0.511333 0.035000 0.089333
3 0.826666 0.577333 0.141667 0.568000
3 0.953750 0.516667 0.052500 0.228000
3 0.984584 0.517334 0.029167 0.229333
3 0.145000 0.515333 0.156666 0.849333
3 0.301250 0.537334 0.145834 0.797333
3 0.430833 0.524667 0.118333 0.700000
3 0.710000 0.638667 0.133334 0.466667
3 0.110000 0.920000 0.041666 0.045334
3 0.196667 0.893334 0.065000 0.034667
3 0.333750 0.870667 0.070834 0.064000
3 0.389583 0.861333 0.040833 0.045333
3 0.427916 0.716000 0.030833 0.042666
3 0.465000 0.851333 0.056666 0.065333
3 0.537917 0.844000 0.032500 0.050666
3 0.738750 0.832000 0.044166 0.085334
3 0.790000 0.810000 0.050000 0.057334
3 0.835417 0.864000 0.065833 0.053334
3 0.877500 0.884000 0.046666 0.074666
3 0.617500 0.847333 0.096666 0.286667
3 0.305833 0.636667 0.115000 0.236000
3 0.427917 0.670667 0.105833 0.349333
3 0.574583 0.678666 0.112500 0.282667
3 0.715000 0.748000 0.126666 0.186666
3 0.787084 0.591333 0.020833 0.070667
3 0.849166 0.720000 0.093333 0.298666