3 0.839375 0.525328 0.128750 0.324578
3 0.703437 0.447468 0.079375 0.315197
3 0.810000 0.531895 0.113750 0.397748
3 0.411250 0.613509 0.063750 0.157599
3 0.550000 0.685272 0.055000 0.121014
3 0.579375 0.572233 0.052500 0.063790
3 0.657813 0.619137 0.109375 0.176360
3 0.707187 0.470450 0.086875 0.248593
3 0.745625 0.617730 0.061250 0.192308
3 0.090000 0.572702 0.142500 0.177298
3 0.096875 0.513133 0.143750 0.142589
3 0.232813 0.634146 0.148125 0.242026
3 0.492500 0.595216 0.052500 0.117261
3 0.409375 0.509850 0.022500 0.036586
3 0.431250 0.500469 0.015000 0.036586
3 0.548438 0.602720 0.026875 0.042214
3 0.580313 0.509850 0.024375 0.040338
3 0.679063 0.506097 0.016875 0.036585
3 0.704063 0.332552 0.028125 0.044090