3 0.457188 0.485500 0.585625 0.927000
3 0.591562 0.639000 0.244375 0.594000
3 0.243750 0.649500 0.175000 0.541000
3 0.111875 0.355500 0.223750 0.711000
3 0.499688 0.253000 0.999375 0.506000
3 0.703750 0.406000 0.428750 0.812000
3 0.915312 0.253000 0.075625 0.506000
3 0.240000 0.650500 0.167500 0.533000
3 0.454375 0.714000 0.048750 0.082000
3 0.605625 0.635500 0.253750 0.571000
3 0.117188 0.686500 0.185625 0.475000
3 0.374063 0.598500 0.299375 0.455000
3 0.247188 0.651500 0.171875 0.539000
3 0.601875 0.635500 0.246250 0.571000