3 0.656076 0.446563 0.351257 0.821875
3 0.139316 0.303750 0.112430 0.311250
3 0.873603 0.292813 0.136871 0.309375
3 0.380935 0.494062 0.373603 0.776875
3 0.943086 0.190625 0.105447 0.195000
3 0.109637 0.339375 0.099162 0.122500
3 0.117668 0.237813 0.085894 0.100625
3 0.168296 0.304375 0.057262 0.210000
3 0.374651 0.365000 0.340084 0.406250
3 0.641760 0.332500 0.370112 0.451250
3 0.747905 0.721250 0.265364 0.371250
3 0.859637 0.237812 0.099162 0.145625
3 0.863128 0.341875 0.087989 0.097500
3 0.437500 0.676250 0.469972 0.466250
3 0.306913 0.209687 0.085894 0.068125
3 0.574022 0.137813 0.051676 0.068125