3 0.050313 0.792083 0.100625 0.399167
3 0.052187 0.377084 0.104375 0.399167
3 0.083750 0.424167 0.108750 0.108333
3 0.285000 0.774166 0.400000 0.401667
3 0.379375 0.150834 0.555000 0.301667
3 0.162500 0.382084 0.111250 0.089167
3 0.168125 0.465000 0.112500 0.213334
3 0.635000 0.867916 0.341250 0.240833
3 0.646875 0.225416 0.261250 0.450833
3 0.790625 0.368333 0.417500 0.736667
3 0.894062 0.798334 0.210625 0.401667
3 0.875312 0.844583 0.085625 0.097500
3 0.411562 0.437500 0.398125 0.400000
3 0.680313 0.650000 0.584375 0.453334