3 0.328750 0.625000 0.528750 0.750000
3 0.244063 0.191667 0.054375 0.050000
3 0.495625 0.172500 0.067500 0.048334
3 0.522813 0.074583 0.071875 0.077500
3 0.559063 0.113750 0.134375 0.062500
3 0.557187 0.167083 0.068125 0.069167
3 0.685625 0.150833 0.087500 0.105000
3 0.693750 0.231667 0.091250 0.100000
3 0.776250 0.112084 0.196250 0.140833
3 0.777813 0.219583 0.086875 0.132500
3 0.820000 0.163750 0.106250 0.117500
3 0.851562 0.297083 0.118125 0.112500
3 0.956875 0.120000 0.085000 0.150000
3 0.600938 0.735834 0.288125 0.526667