3 0.085625 0.186441 0.056250 0.018833
3 0.195312 0.364877 0.039375 0.055555
3 0.200625 0.354990 0.042500 0.071563
3 0.276250 0.369115 0.050000 0.071563
3 0.276875 0.372410 0.038750 0.055555
3 0.335625 0.386064 0.031250 0.048964
3 0.357500 0.382297 0.048750 0.064031
3 0.355313 0.396892 0.029375 0.046139
3 0.437500 0.399718 0.052500 0.055555
3 0.463750 0.391714 0.056250 0.064030
3 0.541250 0.411488 0.055000 0.064030
3 0.554688 0.401601 0.066875 0.070621
3 0.639375 0.420904 0.061250 0.090396
3 0.654062 0.419021 0.031875 0.075330
3 0.651563 0.391243 0.025625 0.023540