3 0.365317 0.176056 0.079226 0.119718
3 0.104754 0.501761 0.181338 0.742957
3 0.096831 0.423122 0.193662 0.846244
3 0.446302 0.426643 0.658451 0.853286
3 0.781250 0.541667 0.435740 0.914319
3 0.153169 0.229460 0.068662 0.066902
3 0.174295 0.284037 0.059859 0.075117
3 0.208627 0.204226 0.056338 0.061033
3 0.276848 0.106220 0.132923 0.132629
3 0.234155 0.176643 0.036972 0.057512
3 0.264525 0.214202 0.055458 0.050470
3 0.360035 0.038732 0.068662 0.068075
3 0.369278 0.106807 0.055458 0.068075
3 0.435300 0.095071 0.064261 0.049295
3 0.431779 0.021127 0.041373 0.042254
3 0.454226 0.327464 0.042253 0.093897
3 0.482395 0.024061 0.072183 0.048122
3 0.514085 0.187794 0.051057 0.058685
3 0.526849 0.056925 0.055457 0.083334
3 0.562940 0.215963 0.029050 0.068075
3 0.588028 0.195422 0.051056 0.085681
3 0.610035 0.119719 0.047535 0.077465
3 0.645247 0.014672 0.058099 0.029343
3 0.650528 0.207747 0.068662 0.082159
3 0.468750 0.633216 0.428698 0.473004