3 0.155625 0.587500 0.105000 0.228334
3 0.171875 0.745417 0.195000 0.295833
3 0.263750 0.579167 0.141250 0.215000
3 0.291563 0.732917 0.090625 0.222500
3 0.298750 0.574167 0.083750 0.208333
3 0.365938 0.745417 0.094375 0.275833
3 0.371250 0.574167 0.078750 0.195000
3 0.504062 0.560417 0.181875 0.187500
3 0.559688 0.554167 0.089375 0.213333
3 0.705000 0.541667 0.225000 0.218333
3 0.639062 0.548334 0.088125 0.218333
3 0.719688 0.786666 0.181875 0.251667
3 0.754687 0.431667 0.109375 0.105000
3 0.763125 0.460417 0.113750 0.139167
3 0.793438 0.629584 0.106875 0.290833
3 0.835313 0.483750 0.088125 0.169166
3 0.870313 0.577084 0.069375 0.340833
3 0.493438 0.655000 0.821875 0.548334
3 0.222187 0.762917 0.098125 0.242500
3 0.443125 0.818750 0.140000 0.230834
3 0.423125 0.705417 0.061250 0.172500
3 0.444375 0.585834 0.065000 0.153333
3 0.489063 0.676250 0.073125 0.134166
3 0.537500 0.762500 0.092500 0.158334
3 0.538750 0.661250 0.051250 0.080834
3 0.598125 0.810417 0.093750 0.239167
3 0.587813 0.691666 0.051875 0.161667
3 0.647812 0.652917 0.053125 0.109167
3 0.722187 0.745000 0.185625 0.158334
3 0.700313 0.640834 0.054375 0.091667
3 0.764375 0.657917 0.078750 0.119167
3 0.823438 0.787084 0.143125 0.180833
3 0.104375 0.848750 0.007500 0.017500
3 0.350938 0.860834 0.025625 0.038333
3 0.370313 0.855834 0.018125 0.038333
3 0.386563 0.921250 0.026875 0.034166
3 0.602500 0.913333 0.032500 0.035000
3 0.623750 0.914583 0.026250 0.025833
3 0.850313 0.720417 0.019375 0.022500
3 0.876250 0.840417 0.035000 0.027500
3 0.872812 0.732917 0.020625 0.022500
3 0.309688 0.901250 0.131875 0.139166