3 0.615982 0.731250 0.768036 0.498750
3 0.262487 0.211250 0.338513 0.331250
3 0.520533 0.215000 0.506104 0.331250
3 0.697558 0.354688 0.398446 0.311875
3 0.880133 0.482187 0.237514 0.370625
3 0.286349 0.255000 0.330743 0.233750
3 0.673141 0.793125 0.649278 0.405000
3 0.558269 0.220313 0.321865 0.198125
3 0.767481 0.381563 0.345172 0.234375
3 0.477247 0.540625 0.455049 0.205000
3 0.260821 0.097500 0.142065 0.102500
3 0.650944 0.109063 0.134295 0.090625
3 0.821864 0.634062 0.342953 0.159375
3 0.811321 0.251563 0.157603 0.105625