3 0.734687 0.768761 0.124375 0.338649
3 0.362812 0.575985 0.123125 0.671670
3 0.483750 0.594278 0.155000 0.653846
3 0.659375 0.573640 0.111250 0.651970
3 0.499688 0.156661 0.999375 0.313321
3 0.266875 0.936210 0.045000 0.058162
3 0.296250 0.916979 0.050000 0.042214
3 0.335938 0.893058 0.031875 0.052533
3 0.384062 0.869137 0.064375 0.038462
3 0.426875 0.890244 0.032500 0.046904
3 0.544063 0.897749 0.035625 0.058161
3 0.580625 0.893058 0.055000 0.048780
3 0.635625 0.866792 0.040000 0.063790
3 0.689688 0.889306 0.026875 0.048780
3 0.770625 0.934333 0.051250 0.054409
3 0.484063 0.803471 0.110625 0.269230
3 0.278750 0.788462 0.087500 0.259850
3 0.364687 0.704972 0.094375 0.323640
3 0.479063 0.724202 0.134375 0.288931
3 0.656875 0.733115 0.090000 0.286117