3 0.752188 0.616900 0.313125 0.750438
3 0.121875 0.641856 0.243750 0.714536
3 0.262813 0.615148 0.120625 0.767951
3 0.401875 0.640105 0.147500 0.718038
3 0.477187 0.427320 0.030625 0.070053
3 0.537813 0.645359 0.139375 0.707530
3 0.635938 0.658932 0.120625 0.680385
3 0.606563 0.392294 0.018125 0.129597
3 0.866563 0.400613 0.086875 0.200526
3 0.917813 0.398861 0.028125 0.105955
3 0.326562 0.468476 0.043125 0.336252
3 0.264062 0.613835 0.116875 0.770578
3 0.403750 0.640105 0.152500 0.718038
3 0.537188 0.646235 0.131875 0.705779
3 0.630625 0.658932 0.116250 0.680385
3 0.445625 0.979859 0.051250 0.038529
3 0.573750 0.979859 0.035000 0.038529
3 0.898438 0.780648 0.013125 0.027146
3 0.919687 0.799037 0.044375 0.035902
3 0.949062 0.832311 0.073125 0.037653
3 0.976562 0.603765 0.025625 0.018389
3 0.551875 0.879597 0.157500 0.239054
3 0.196875 0.464098 0.103750 0.155867
3 0.269375 0.335814 0.061250 0.107706
3 0.339062 0.328809 0.026875 0.028896
3 0.424375 0.364711 0.048750 0.063923
3 0.549375 0.367338 0.047500 0.081436
3 0.600000 0.362959 0.015000 0.042907
3 0.638750 0.393607 0.052500 0.104203
3 0.711250 0.388792 0.092500 0.124343
3 0.849063 0.352014 0.036875 0.050788
3 0.917188 0.368213 0.016875 0.032399
3 0.932813 0.332312 0.025625 0.060420