3 0.658438 0.632083 0.268125 0.387500
3 0.415000 0.602083 0.182500 0.290833
3 0.099687 0.133333 0.199375 0.261667
3 0.285312 0.151667 0.026875 0.040000
3 0.293750 0.180000 0.033750 0.051666
3 0.315625 0.192500 0.023750 0.046666
3 0.329375 0.079167 0.037500 0.053333
3 0.454688 0.179583 0.210625 0.289167
3 0.573750 0.202916 0.072500 0.129167
3 0.597187 0.128750 0.090625 0.125834
3 0.607500 0.217083 0.051250 0.077500
3 0.691562 0.172917 0.141875 0.169167
3 0.707187 0.091250 0.139375 0.164166
3 0.721875 0.271250 0.141250 0.172500
3 0.789062 0.292083 0.089375 0.179167
3 0.841250 0.111667 0.126250 0.223333
3 0.953125 0.140834 0.092500 0.153333
3 0.463438 0.732083 0.376875 0.279167