3 0.028125 0.185000 0.035000 0.051666
3 0.047500 0.191667 0.035000 0.045000
3 0.078125 0.193333 0.032500 0.041667
3 0.100312 0.193333 0.019375 0.048333
3 0.124688 0.185833 0.019375 0.053333
3 0.284687 0.525000 0.329375 0.391666
3 0.147187 0.194167 0.023125 0.040000
3 0.161562 0.203750 0.020625 0.047500
3 0.206563 0.201250 0.023125 0.035834
3 0.228750 0.207084 0.021250 0.040833
3 0.377812 0.393333 0.089375 0.255000
3 0.481875 0.370000 0.191250 0.173334
3 0.472812 0.445000 0.085625 0.171666
3 0.590313 0.357083 0.173125 0.282500
3 0.603437 0.327917 0.129375 0.182500
3 0.606875 0.588750 0.235000 0.234166