3 0.178125 0.522514 0.151250 0.748593
3 0.179375 0.525328 0.157500 0.799249
3 0.184688 0.680113 0.129375 0.395873
3 0.445625 0.587711 0.185000 0.822702
3 0.065937 0.049718 0.131875 0.099437
3 0.558125 0.050188 0.088750 0.100375
3 0.580625 0.101314 0.047500 0.146341
3 0.798438 0.206379 0.390625 0.412758
3 0.165000 0.811445 0.036250 0.065666
3 0.206562 0.871951 0.034375 0.044090
3 0.337812 0.832551 0.023125 0.027205
3 0.365313 0.856003 0.019375 0.034709
3 0.392500 0.915103 0.047500 0.154784
3 0.562812 0.855535 0.016875 0.026266
3 0.750312 0.848030 0.035625 0.180112
3 0.784375 0.834427 0.042500 0.158537
3 0.585313 0.827392 0.186875 0.313321
3 0.342500 0.687617 0.040000 0.163227
3 0.769687 0.678705 0.110625 0.173546