3 0.458704 0.512500 0.690053 0.911250
3 0.488455 0.521563 0.682060 0.941875
3 0.520427 0.131250 0.365897 0.233750
3 0.100799 0.913125 0.199822 0.158750
3 0.364565 0.441563 0.240675 0.248125
3 0.508881 0.198750 0.047958 0.023750
3 0.607460 0.199063 0.047958 0.031875
3 0.546181 0.264062 0.094138 0.026875
3 0.495560 0.118438 0.403197 0.223125
3 0.685613 0.622812 0.626998 0.683125
3 0.531527 0.207812 0.208703 0.180625
3 0.761101 0.402500 0.298401 0.283750
3 0.555062 0.223438 0.053286 0.039375
3 0.539520 0.466875 0.137655 0.102500