3 0.025746 0.066154 0.051493 0.132308
3 0.229145 0.313077 0.106076 0.389230
3 0.414521 0.244615 0.122554 0.480000
3 0.674047 0.438461 0.231720 0.603077
3 0.809474 0.281539 0.131823 0.563077
3 0.957261 0.534616 0.083419 0.881539
3 0.650875 0.062308 0.049433 0.124615
3 0.099382 0.699231 0.081360 0.060000
3 0.125129 0.636154 0.044284 0.038462
3 0.230690 0.499231 0.026776 0.029231
3 0.265705 0.476154 0.028837 0.032308
3 0.315140 0.586923 0.053553 0.044616
3 0.390320 0.587692 0.037075 0.043077
3 0.411946 0.470769 0.024717 0.033846
3 0.442327 0.463846 0.031925 0.035384
3 0.529867 0.456153 0.023687 0.029231
3 0.606076 0.696923 0.048404 0.073846
3 0.666324 0.709231 0.053553 0.058462
3 0.774459 0.516923 0.063852 0.049230
3 0.826468 0.537693 0.048403 0.035385
3 0.921215 0.889231 0.029866 0.030769
3 0.936149 0.330769 0.018537 0.040000
3 0.153450 0.826923 0.302780 0.343077
3 0.184861 0.728462 0.365602 0.173847
3 0.183831 0.398462 0.163748 0.295385
3 0.270340 0.559230 0.050464 0.096923
3 0.353244 0.400000 0.078270 0.089230
3 0.470133 0.594615 0.221421 0.241539
3 0.536560 0.380000 0.090628 0.181538
3 0.783729 0.659231 0.222451 0.324615