3 0.114375 0.679644 0.155000 0.520638
3 0.601875 0.639775 0.205000 0.504690
3 0.819063 0.621013 0.200625 0.455910
3 0.909062 0.628987 0.180625 0.483114
3 0.606250 0.643527 0.202500 0.500938
3 0.820625 0.626173 0.210000 0.475609
3 0.912500 0.632270 0.173750 0.467167
3 0.115625 0.912289 0.047500 0.036586
3 0.172187 0.910413 0.028125 0.044090
3 0.596562 0.868199 0.048125 0.044090
3 0.676562 0.847561 0.058125 0.038462
3 0.815000 0.778612 0.052500 0.150094
3 0.876875 0.709662 0.105000 0.126642
3 0.969688 0.817073 0.059375 0.061914
3 0.970313 0.843809 0.058125 0.042214
3 0.590938 0.666511 0.328125 0.447467
3 0.615625 0.752814 0.147500 0.199812
3 0.950625 0.699343 0.097500 0.196060