3 0.617812 0.281895 0.025625 0.104128
3 0.627188 0.273452 0.024375 0.094747
3 0.693750 0.334897 0.023750 0.133208
3 0.714688 0.333959 0.025625 0.146341
3 0.875938 0.348499 0.021875 0.074108
3 0.930312 0.340056 0.028125 0.119137
3 0.271875 0.507974 0.395000 0.653846
3 0.618437 0.370075 0.036875 0.122890
3 0.668125 0.408068 0.048750 0.088181
3 0.645312 0.516885 0.088125 0.076923
3 0.650000 0.457317 0.066250 0.092870
3 0.756875 0.548781 0.137500 0.166979
3 0.613438 0.248593 0.010625 0.022514
3 0.625625 0.246717 0.008750 0.018762
3 0.716562 0.220450 0.014375 0.024390