3 0.187188 0.501667 0.058125 0.226667
3 0.248750 0.523333 0.070000 0.260000
3 0.311875 0.525834 0.075000 0.251667
3 0.434063 0.546250 0.099375 0.334166
3 0.514687 0.545416 0.175625 0.329167
3 0.714375 0.517917 0.068750 0.287500
3 0.755625 0.539166 0.073750 0.361667
3 0.800000 0.554167 0.082500 0.405000
3 0.310937 0.632500 0.049375 0.035000
3 0.340938 0.633750 0.023125 0.032500
3 0.491250 0.694167 0.035000 0.048333
3 0.530625 0.694583 0.028750 0.037500
3 0.716250 0.637916 0.073750 0.075833
3 0.783750 0.707500 0.128750 0.036666
3 0.826250 0.741250 0.118750 0.040834
3 0.403125 0.693750 0.025000 0.032500
3 0.452813 0.696250 0.035625 0.034166
3 0.487187 0.692916 0.021875 0.034167
3 0.524687 0.685833 0.021875 0.041667
3 0.138437 0.622916 0.069375 0.119167
3 0.178125 0.657083 0.148750 0.139167
3 0.144062 0.591667 0.056875 0.063333
3 0.913438 0.900000 0.171875 0.198334