3 0.261563 0.475583 0.149375 0.875693
3 0.321250 0.704217 0.157500 0.251943
3 0.519062 0.687569 0.293125 0.298557
3 0.438750 0.455604 0.048750 0.300777
3 0.600313 0.643174 0.143125 0.298557
3 0.733750 0.653718 0.102500 0.259712
3 0.569063 0.410100 0.068125 0.225306
3 0.784375 0.600998 0.081250 0.225305
3 0.882188 0.684240 0.079375 0.123196
3 0.954375 0.662597 0.090000 0.188679
3 0.971250 0.611543 0.052500 0.095449
3 0.992812 0.548835 0.013125 0.138735
3 0.270937 0.533297 0.135625 0.740289
3 0.446562 0.726970 0.135625 0.253052
3 0.440000 0.417314 0.056250 0.148724
3 0.494688 0.727525 0.021875 0.063263
3 0.595938 0.680355 0.139375 0.182020
3 0.566562 0.429523 0.068125 0.168701
3 0.738750 0.688125 0.107500 0.193119
3 0.880937 0.690344 0.054375 0.102108
3 0.955937 0.676470 0.085625 0.143175
3 0.965625 0.632076 0.041250 0.058823
3 0.989375 0.528857 0.020000 0.103218
3 0.130312 0.677580 0.189375 0.338513