3 0.504063 0.422084 0.229375 0.594167
3 0.481875 0.200000 0.121250 0.203334
3 0.481875 0.200000 0.121250 0.203334
3 0.772813 0.861250 0.225625 0.140834
3 0.123438 0.620417 0.131875 0.369167
3 0.266250 0.605000 0.146250 0.400000
3 0.440625 0.542083 0.112500 0.142500
3 0.517500 0.666250 0.165000 0.345834
3 0.725313 0.704583 0.160625 0.437500
3 0.855938 0.648750 0.281875 0.484166
3 0.152500 0.150000 0.117500 0.148334
3 0.929688 0.073750 0.103125 0.130834
3 0.148438 0.167916 0.109375 0.180833
3 0.931250 0.111667 0.107500 0.206667
3 0.826250 0.472083 0.346250 0.924167
3 0.125625 0.749583 0.078750 0.117500
3 0.237812 0.751250 0.055625 0.114166
3 0.536250 0.749583 0.045000 0.175833
3 0.650313 0.525834 0.175625 0.261667
3 0.146875 0.216250 0.080000 0.074166
3 0.467187 0.211667 0.066875 0.116667
3 0.937500 0.115417 0.080000 0.137500
3 0.137188 0.215834 0.016875 0.033333
3 0.452500 0.212084 0.016250 0.025833
3 0.944063 0.119584 0.020625 0.035833