3 0.764687 0.608818 0.113125 0.574108
3 0.293438 0.485460 0.573125 0.344277
3 0.346250 0.657598 0.160000 0.589119
3 0.763750 0.628987 0.140000 0.584428
3 0.864375 0.638368 0.148750 0.496248
3 0.957500 0.549718 0.083750 0.380863
3 0.247812 0.467167 0.495625 0.212008
3 0.347500 0.645403 0.141250 0.455910
3 0.544687 0.485459 0.079375 0.182927
3 0.860625 0.633678 0.148750 0.417449
3 0.964688 0.554879 0.069375 0.293621
3 0.284062 0.849906 0.076875 0.215760
3 0.528750 0.537524 0.063750 0.075047
3 0.671250 0.574109 0.051250 0.071294