3 0.240312 0.575417 0.245625 0.847500
3 0.395937 0.515416 0.261875 0.900833
3 0.591562 0.422917 0.165625 0.697500
3 0.574375 0.079167 0.076250 0.158333
3 0.673125 0.170416 0.087500 0.340833
3 0.762812 0.132500 0.073125 0.131666
3 0.822188 0.108333 0.053125 0.216667
3 0.886875 0.114584 0.153750 0.229167
3 0.936250 0.523333 0.126250 0.830000
3 0.937500 0.218750 0.123750 0.437500
3 0.327500 0.980834 0.040000 0.036667
3 0.375937 0.922083 0.088125 0.077500
3 0.440625 0.842917 0.067500 0.054167
3 0.542500 0.724167 0.038750 0.060000
3 0.591250 0.730000 0.035000 0.068334
3 0.689688 0.323750 0.056875 0.034166
3 0.802188 0.197083 0.015625 0.029167
3 0.821562 0.170417 0.020625 0.017500
3 0.821562 0.197916 0.018125 0.020833
3 0.839687 0.205000 0.013125 0.010000
3 0.888750 0.328750 0.028750 0.022500
3 0.931250 0.805833 0.113750 0.048333
3 0.892500 0.386667 0.031250 0.036667
3 0.957500 0.898750 0.083750 0.075834
3 0.819688 0.318333 0.139375 0.200000
3 0.230938 0.290834 0.066875 0.141667
3 0.375625 0.205000 0.067500 0.090000
3 0.599687 0.182500 0.060625 0.068334
3 0.754687 0.111250 0.011875 0.022500