3 0.046500 0.097472 0.093000 0.085828
3 0.086500 0.021291 0.049000 0.042582
3 0.137000 0.095475 0.056000 0.075183
3 0.193500 0.111777 0.067000 0.053227
3 0.317000 0.089488 0.082000 0.073852
3 0.323000 0.021291 0.054000 0.042582
3 0.381500 0.091484 0.051000 0.080506
3 0.457000 0.088822 0.126000 0.075183
3 0.436500 0.022954 0.059000 0.045908
3 0.505000 0.088157 0.108000 0.080506
3 0.663000 0.090486 0.100000 0.082502
3 0.664500 0.171657 0.059000 0.035928
3 0.669500 0.022289 0.051000 0.044578
3 0.775000 0.105789 0.026000 0.047905
3 0.800500 0.099800 0.057000 0.070525
3 0.841500 0.085163 0.139000 0.078510
3 0.847000 0.101464 0.046000 0.049900
3 0.875000 0.097472 0.052000 0.051231
3 0.898000 0.016966 0.046000 0.033932
3 0.944500 0.084498 0.057000 0.066533
3 0.501000 0.606121 0.260000 0.198270