3 0.095000 0.239500 0.188666 0.439000
3 0.333666 0.584000 0.251333 0.716000
3 0.076000 0.074500 0.082666 0.095000
3 0.467000 0.435000 0.126000 0.214000
3 0.719000 0.596000 0.368666 0.704000
3 0.723667 0.635500 0.370000 0.607000
3 0.625667 0.387000 0.246000 0.672000
3 0.386333 0.602000 0.350000 0.722000
3 0.466666 0.657500 0.177333 0.625000
3 0.727000 0.634000 0.384666 0.714000
3 0.376000 0.307500 0.132000 0.161000
3 0.462000 0.410500 0.101334 0.133000
3 0.628334 0.341500 0.107333 0.137000
3 0.086000 0.079500 0.065334 0.113000
3 0.380667 0.348000 0.125333 0.220000
3 0.632000 0.385500 0.130666 0.225000
3 0.106000 0.253000 0.196000 0.308000
3 0.388333 0.695500 0.352667 0.547000
3 0.469334 0.729500 0.173333 0.445000
3 0.100666 0.277000 0.173333 0.308000
3 0.090000 0.099500 0.050666 0.069000
3 0.373667 0.368000 0.083333 0.160000
3 0.460666 0.443500 0.065333 0.117000
3 0.634667 0.410500 0.100000 0.175000
3 0.086667 0.225500 0.041333 0.179000
3 0.162666 0.213000 0.110667 0.154000
3 0.305667 0.692500 0.191333 0.519000
3 0.429334 0.644500 0.110667 0.265000
3 0.501333 0.653000 0.105333 0.276000
3 0.682000 0.652500 0.282666 0.395000
3 0.642000 0.709500 0.142666 0.389000