3 0.186524 0.345703 0.373047 0.147136
3 0.018066 0.352865 0.032227 0.093750
3 0.044922 0.352214 0.035156 0.121093
3 0.193360 0.336588 0.039063 0.136719
3 0.264160 0.360677 0.034180 0.125000
3 0.361328 0.361980 0.023438 0.080729
3 0.437988 0.332032 0.159180 0.143229
3 0.585449 0.344401 0.114258 0.131510
3 0.730957 0.343099 0.034180 0.113282
3 0.812988 0.349610 0.051758 0.131511
3 0.833496 0.348958 0.043946 0.122396
3 0.862793 0.349609 0.034180 0.121094
3 0.901856 0.344401 0.032227 0.100260
3 0.924805 0.352865 0.027344 0.122395
3 0.947266 0.347656 0.033203 0.130208
3 0.993164 0.352865 0.011718 0.158854
3 0.500000 0.199870 0.994140 0.394531
3 0.201172 0.479167 0.091797 0.059896
3 0.260254 0.537109 0.120117 0.076823
3 0.281739 0.436198 0.049805 0.015625
3 0.296875 0.452473 0.070312 0.048177
3 0.327149 0.445312 0.072265 0.052083
3 0.494140 0.606771 0.123047 0.098958
3 0.811524 0.494140 0.089843 0.050781