3 0.093750 0.210000 0.060000 0.213334
3 0.113437 0.145417 0.028125 0.097500
3 0.173438 0.182500 0.048125 0.161666
3 0.212813 0.178333 0.033125 0.153333
3 0.742500 0.216250 0.033750 0.125834
3 0.777813 0.219584 0.026875 0.115833
3 0.860938 0.255000 0.056875 0.100000
3 0.942813 0.267500 0.059375 0.105000
3 0.037188 0.287083 0.060625 0.080833
3 0.051250 0.235833 0.066250 0.056667
3 0.122188 0.252083 0.014375 0.037500
3 0.165938 0.253750 0.096875 0.069166
3 0.215000 0.245833 0.035000 0.060000
3 0.254063 0.242500 0.068125 0.060000
3 0.564063 0.810833 0.169375 0.376667
3 0.910000 0.306250 0.008750 0.032500