3 0.703125 0.513750 0.172500 0.550834
3 0.707812 0.488334 0.161875 0.576667
3 0.323750 0.697917 0.208750 0.454167
3 0.227500 0.284583 0.220000 0.379167
3 0.387500 0.688333 0.508750 0.470000
3 0.490312 0.702083 0.169375 0.379167
3 0.931875 0.486250 0.135000 0.185834
3 0.628125 0.307084 0.127500 0.280833
3 0.163750 0.404583 0.080000 0.350833
3 0.305000 0.378750 0.110000 0.199166
3 0.496250 0.370000 0.061250 0.106666
3 0.624688 0.352917 0.105625 0.172500
3 0.741563 0.339167 0.068125 0.190000
3 0.795313 0.462084 0.074375 0.384167
3 0.841250 0.482500 0.081250 0.310000
3 0.349062 0.714167 0.451875 0.405000
3 0.898438 0.521250 0.045625 0.125834
3 0.146875 0.414583 0.048750 0.182500
3 0.252188 0.440000 0.016875 0.063334
3 0.296875 0.401667 0.080000 0.153333
3 0.385625 0.382084 0.072500 0.069167
3 0.431563 0.381250 0.063125 0.067500
3 0.489062 0.376250 0.046875 0.094166
3 0.611250 0.385000 0.083750 0.105000
3 0.753437 0.373333 0.050625 0.148333
3 0.796562 0.482083 0.056875 0.340833
3 0.850313 0.492084 0.058125 0.285833
3 0.379063 0.701250 0.514375 0.462500
3 0.605625 0.808750 0.375000 0.380834
3 0.322188 0.685833 0.165625 0.148333
3 0.322500 0.582500 0.162500 0.083334
3 0.328125 0.805833 0.163750 0.150000
3 0.893125 0.541250 0.036250 0.040834
3 0.894375 0.509583 0.038750 0.022500
3 0.895000 0.488750 0.035000 0.019166
3 0.898438 0.468750 0.035625 0.020834