3 0.358309 0.554063 0.284867 0.714375
3 0.032641 0.555937 0.065282 0.146875
3 0.077522 0.565312 0.048220 0.128125
3 0.112760 0.556562 0.054896 0.118125
3 0.178783 0.558125 0.065282 0.131250
3 0.429525 0.589063 0.083086 0.175625
3 0.479971 0.587187 0.062315 0.169375
3 0.711054 0.570312 0.042285 0.100625
3 0.716246 0.520625 0.036350 0.056250
3 0.781899 0.566875 0.050445 0.097500
3 0.816766 0.555625 0.038575 0.112500
3 0.872403 0.567813 0.040059 0.099375
3 0.925074 0.563438 0.048962 0.114375
3 0.974406 0.561875 0.049703 0.111250
3 0.633902 0.658750 0.278190 0.441250