3 0.355078 0.889583 0.221094 0.202083
3 0.356641 0.884896 0.242969 0.207292
3 0.487500 0.514584 0.896876 0.970833
3 0.012891 0.041667 0.024219 0.083333
3 0.178906 0.044271 0.075000 0.088542
3 0.480859 0.063542 0.169531 0.127083
3 0.016016 0.195312 0.019531 0.038541
3 0.101953 0.768230 0.103906 0.115625
3 0.103906 0.141667 0.012500 0.025000
3 0.103125 0.204167 0.006250 0.016667
3 0.155859 0.150521 0.021093 0.028125
3 0.257031 0.154688 0.017188 0.015625
3 0.273046 0.156771 0.017969 0.026042
3 0.299999 0.165625 0.021875 0.031250
3 0.405859 0.178125 0.033594 0.047916
3 0.418359 0.167708 0.019531 0.025000
3 0.464453 0.178125 0.041406 0.047916
3 0.540234 0.246354 0.110156 0.076042
3 0.505860 0.161979 0.027343 0.036458
3 0.844141 0.676562 0.103906 0.203125
3 0.929296 0.227605 0.025781 0.059375
3 0.334375 0.118229 0.064062 0.078125
3 0.934375 0.165104 0.029688 0.086458
3 0.981250 0.171875 0.025000 0.097916
3 0.180469 0.232813 0.070312 0.117709
3 0.012890 0.194792 0.011719 0.029167
3 0.101171 0.766666 0.099219 0.114583
3 0.100391 0.140625 0.014844 0.022916
3 0.155859 0.150521 0.021093 0.028125
3 0.272657 0.157292 0.015625 0.031250
3 0.298828 0.164062 0.021094 0.038541
3 0.405469 0.180729 0.031250 0.046875
3 0.465234 0.178646 0.035156 0.046875
3 0.507421 0.162500 0.025781 0.035416
3 0.841406 0.672917 0.110938 0.214583
3 0.929296 0.226562 0.025781 0.059375
3 0.018750 0.092188 0.037500 0.034375
3 0.057813 0.162500 0.115625 0.127084
3 0.126953 0.116667 0.064844 0.068750
3 0.196093 0.126562 0.120313 0.078125
3 0.285157 0.129688 0.076563 0.092709
3 0.364844 0.133333 0.181250 0.083333