3 0.107500 0.817200 0.215000 0.365601
3 0.062188 0.479793 0.101875 0.320489
3 0.869062 0.867951 0.244375 0.160714
3 0.070625 0.972274 0.141250 0.053571
3 0.092500 0.688440 0.036250 0.087406
3 0.126562 0.694549 0.064375 0.092105
3 0.056875 0.789004 0.113750 0.284774
3 0.014375 0.389568 0.028750 0.089286
3 0.164687 0.502350 0.329375 0.136278
3 0.142813 0.538064 0.074375 0.192670
3 0.248750 0.516917 0.097500 0.223684
3 0.309063 0.601504 0.028125 0.077068
3 0.525000 0.555451 0.452500 0.135338
3 0.334688 0.604324 0.028125 0.071429
3 0.590625 0.600564 0.052500 0.171052
3 0.813125 0.435620 0.372500 0.574248
3 0.037500 0.869831 0.075000 0.123120
3 0.068750 0.872181 0.137500 0.210527
3 0.036250 0.885808 0.068750 0.044173