3 0.814375 0.594278 0.167500 0.423077
3 0.818438 0.486867 0.078125 0.189493
3 0.570312 0.508443 0.175625 0.409006
3 0.055937 0.387899 0.065625 0.177298
3 0.255937 0.529080 0.244375 0.485929
3 0.558438 0.506097 0.193125 0.556285
3 0.789062 0.593340 0.241875 0.430581
3 0.073438 0.302064 0.014375 0.020638
3 0.300000 0.311914 0.047500 0.059099
3 0.215000 0.176360 0.430000 0.352720
3 0.605000 0.326923 0.345000 0.653846
3 0.887188 0.219981 0.224375 0.439962
3 0.064687 0.394934 0.049375 0.161351
3 0.307813 0.577392 0.148125 0.391182
3 0.792813 0.645404 0.180625 0.309569
3 0.145000 0.541276 0.197500 0.540338