3 0.039062 0.468575 0.078125 0.295497
3 0.044062 0.292683 0.055625 0.189494
3 0.156562 0.375235 0.221875 0.750469
3 0.221875 0.238274 0.048750 0.191370
3 0.233125 0.113040 0.055000 0.226079
3 0.468438 0.241088 0.136875 0.482176
3 0.929063 0.424484 0.140625 0.848968
3 0.045000 0.340056 0.052500 0.100375
3 0.118125 0.669794 0.142500 0.163227
3 0.216875 0.559568 0.106250 0.096623
3 0.449375 0.297843 0.036250 0.034709
3 0.902813 0.785179 0.094375 0.163227
3 0.977500 0.726078 0.043750 0.228893
3 0.632188 0.289868 0.241875 0.300187