3 0.263437 0.694991 0.526875 0.608229
3 0.274062 0.389535 0.194375 0.721824
3 0.380000 0.706172 0.380000 0.532200
3 0.449062 0.342576 0.220625 0.586762
3 0.592812 0.785331 0.261875 0.427550
3 0.604062 0.291592 0.173125 0.583184
3 0.679063 0.557693 0.273125 0.855993
3 0.859687 0.644454 0.279375 0.709303
3 0.885625 0.712881 0.227500 0.572451
3 0.361250 0.316636 0.103750 0.289803
3 0.576875 0.851521 0.136250 0.295170
3 0.594375 0.435152 0.108750 0.394454
3 0.217812 0.632826 0.129375 0.229875
3 0.298125 0.248658 0.100000 0.161002
3 0.347187 0.682469 0.141875 0.228980
3 0.470625 0.529964 0.102500 0.199463
3 0.481250 0.212880 0.110000 0.196780
3 0.604375 0.101968 0.102500 0.187836
3 0.636250 0.705277 0.136250 0.204830
3 0.731875 0.287120 0.103750 0.205724
3 0.875625 0.420841 0.107500 0.165474
3 0.886875 0.578264 0.113750 0.206619