3 0.230313 0.530019 0.439375 0.923077
3 0.085625 0.183396 0.171250 0.366792
3 0.085625 0.185741 0.171250 0.371482
3 0.220312 0.613978 0.440625 0.770169
3 0.160625 0.080675 0.045000 0.161351
3 0.323750 0.085366 0.058750 0.170732
3 0.383437 0.139306 0.063125 0.278612
3 0.549063 0.086773 0.028125 0.173546
3 0.599375 0.184803 0.085000 0.369606
3 0.798438 0.273921 0.190625 0.547842
3 0.983750 0.055816 0.031250 0.111632
3 0.473437 0.172608 0.183125 0.300188
3 0.426563 0.026735 0.025625 0.053471
3 0.850625 0.708724 0.297500 0.558161