3 0.759166 0.445000 0.181667 0.171250
3 0.759166 0.445000 0.181667 0.171250
3 0.525834 0.248750 0.236667 0.495000
3 0.649583 0.850313 0.087500 0.104375
3 0.525416 0.342500 0.195833 0.298750
3 0.059166 0.022812 0.006667 0.003125
3 0.574167 0.002188 0.020000 0.004375
3 0.629584 0.017813 0.009167 0.006875
3 0.693750 0.479063 0.014166 0.010625
3 0.102916 0.160938 0.034167 0.094375
3 0.135833 0.160938 0.031667 0.094375
3 0.399583 0.123125 0.027500 0.111250
3 0.521250 0.352187 0.102500 0.299375
3 0.618333 0.709375 0.068333 0.073750
3 0.609166 0.132812 0.036667 0.091875
3 0.647083 0.809375 0.102500 0.153750
3 0.633333 0.117188 0.020000 0.044375
3 0.739167 0.926562 0.160000 0.145625
3 0.855417 0.926562 0.114167 0.145625
3 0.099583 0.111250 0.115833 0.222500
3 0.614583 0.091250 0.079167 0.182500
3 0.092083 0.035937 0.077500 0.071875
3 0.366667 0.008125 0.006667 0.005000
3 0.627084 0.023125 0.045833 0.046250
3 0.854167 0.566875 0.290000 0.278750
3 0.070417 0.014687 0.052500 0.029375
3 0.627500 0.012188 0.031666 0.024375
3 0.912500 0.500938 0.173334 0.150625
3 0.102083 0.102188 0.109167 0.204375
3 0.724166 0.622812 0.278333 0.519375
3 0.630000 0.092813 0.061666 0.185625
3 0.809167 0.713125 0.380000 0.572500
3 0.025000 0.343750 0.050000 0.023750
3 0.503750 0.460000 0.100834 0.027500
3 0.518750 0.472812 0.084166 0.049375
3 0.690416 0.973125 0.064167 0.052500
3 0.303750 0.756875 0.519166 0.485000
3 0.124166 0.271875 0.106667 0.080000
3 0.178750 0.231563 0.189166 0.105625
3 0.065417 0.015000 0.022500 0.030000
3 0.703333 0.463125 0.055000 0.056250
3 0.117500 0.095312 0.048334 0.118125
3 0.466250 0.145937 0.102500 0.276875
3 0.599166 0.185000 0.073333 0.120000
3 0.614167 0.571250 0.066667 0.102500
3 0.612917 0.065312 0.022500 0.020625
3 0.679167 0.682187 0.131667 0.170625
3 0.645000 0.073750 0.018334 0.078750
3 0.975417 0.773438 0.045833 0.090625
3 0.011250 0.311562 0.022500 0.066875
3 0.118334 0.160312 0.068333 0.095625
3 0.158334 0.111875 0.048333 0.083750
3 0.239167 0.240000 0.073333 0.083750
3 0.410000 0.107812 0.055000 0.035625
3 0.644583 0.750312 0.127500 0.155625
3 0.619584 0.136875 0.040833 0.080000
3 0.773334 0.964063 0.148333 0.070625
3 0.687500 0.462500 0.018334 0.018750