3 0.251563 0.598334 0.401875 0.801667
3 0.098750 0.486250 0.051250 0.185834
3 0.136875 0.449583 0.063750 0.187500
3 0.634062 0.588750 0.499375 0.820834
3 0.446250 0.537917 0.048750 0.082500
3 0.747812 0.412083 0.043125 0.079167
3 0.803750 0.454584 0.036250 0.070833
3 0.955625 0.432500 0.027500 0.156666
3 0.985625 0.452083 0.027500 0.082500
3 0.869687 0.487084 0.026875 0.079167
3 0.930312 0.644583 0.133125 0.185833
3 0.231250 0.721250 0.355000 0.555834
3 0.691875 0.698750 0.387500 0.600834
3 0.465625 0.639583 0.271250 0.242500