3 0.110312 0.558437 0.189375 0.365625
3 0.293125 0.544687 0.278750 0.440625
3 0.384375 0.530000 0.167500 0.196250
3 0.557813 0.538750 0.281875 0.462500
3 0.594375 0.535312 0.143750 0.295625
3 0.079375 0.372812 0.158750 0.551875
3 0.131250 0.562500 0.167500 0.222500
3 0.255625 0.543750 0.181250 0.250000
3 0.389062 0.563438 0.136875 0.110625
3 0.519062 0.524062 0.160625 0.199375
3 0.627188 0.538438 0.118125 0.109375
3 0.193438 0.747500 0.355625 0.252500
3 0.127812 0.437500 0.049375 0.055000
3 0.300312 0.415937 0.053125 0.039375
3 0.370938 0.474375 0.044375 0.046250
3 0.514062 0.385625 0.053125 0.066250
3 0.614062 0.460625 0.044375 0.055000