3 0.638604 0.488750 0.505133 0.842500
3 0.066735 0.565000 0.133470 0.120000
3 0.542094 0.574375 0.529775 0.356250
3 0.481519 0.100000 0.108829 0.065000
3 0.563655 0.801250 0.071868 0.080000
3 0.642710 0.139375 0.143737 0.031250
3 0.639630 0.741875 0.080082 0.043750
3 0.696098 0.883125 0.094455 0.063750
3 0.697126 0.181875 0.075975 0.036250
3 0.858316 0.361875 0.041068 0.028750
3 0.042094 0.219375 0.084189 0.303750
3 0.417865 0.313750 0.256673 0.475000
3 0.498973 0.116875 0.213552 0.186250
3 0.797741 0.394375 0.400411 0.741250
3 0.565708 0.803750 0.055441 0.065000
3 0.637577 0.735625 0.071868 0.038750
3 0.686859 0.875000 0.084189 0.075000
3 0.127310 0.710000 0.254620 0.222500
3 0.283367 0.813750 0.303901 0.192500
3 0.877824 0.716875 0.240247 0.243750