3 0.711033 0.506563 0.350263 0.773125
3 0.714098 0.442188 0.303852 0.546875
3 0.050789 0.630625 0.084063 0.042500
3 0.541155 0.585625 0.078809 0.051250
3 0.847635 0.605000 0.054291 0.080000
3 0.887478 0.603437 0.062172 0.066875
3 0.927758 0.596562 0.028897 0.096875
3 0.968476 0.575937 0.043783 0.076875
3 0.101138 0.622188 0.198774 0.086875
3 0.309982 0.617812 0.078809 0.058125
3 0.559545 0.610313 0.234676 0.073125
3 0.908932 0.605000 0.180385 0.103750
3 0.477670 0.751250 0.330123 0.381250
3 0.664624 0.624688 0.038529 0.048125
3 0.932136 0.735938 0.133975 0.110625
3 0.894046 0.637500 0.047285 0.023750
3 0.933888 0.640313 0.035902 0.021875
3 0.970665 0.625000 0.056917 0.060000