3 0.550000 0.556875 0.448334 0.790000
3 0.156667 0.329688 0.293333 0.659375
3 0.153334 0.395625 0.306667 0.185000
3 0.730000 0.195937 0.130000 0.114375
3 0.860000 0.458437 0.185000 0.160625
3 0.305000 0.145000 0.043334 0.073750
3 0.388750 0.215312 0.207500 0.430625
3 0.517500 0.166250 0.068334 0.078750
3 0.805833 0.133750 0.030000 0.061250
3 0.880000 0.237812 0.155000 0.180625
3 0.897084 0.109687 0.025833 0.030625
3 0.956667 0.185937 0.085000 0.165625
3 0.575417 0.162187 0.052500 0.063125
3 0.714166 0.169687 0.166667 0.338125
3 0.860834 0.407188 0.276667 0.348125
3 0.857916 0.147500 0.065833 0.075000
3 0.144584 0.663750 0.109167 0.037500
3 0.160833 0.482812 0.050000 0.020625
3 0.263333 0.621250 0.050000 0.037500
3 0.700416 0.670625 0.064167 0.075000
3 0.717500 0.337812 0.025000 0.016875
3 0.771250 0.335000 0.022500 0.018750
3 0.914583 0.318125 0.035833 0.018750
3 0.988750 0.262500 0.015834 0.017500
3 0.528334 0.575000 0.483333 0.341250
3 0.315833 0.045000 0.063333 0.070000
3 0.549167 0.264375 0.106667 0.116250
3 0.682500 0.022812 0.050000 0.045625
3 0.867083 0.312187 0.082500 0.054375