3 0.277813 0.518674 0.436875 0.932773
3 0.405625 0.314192 0.107500 0.260504
3 0.631875 0.183940 0.121250 0.367880
3 0.682500 0.228291 0.107500 0.333333
3 0.317188 0.600840 0.508125 0.796452
3 0.388125 0.346872 0.050000 0.157796
3 0.629375 0.182073 0.107500 0.324930
3 0.677500 0.291783 0.121250 0.264239
3 0.646562 0.652661 0.479375 0.692810
3 0.265313 0.193744 0.106875 0.223156
3 0.389375 0.240896 0.033750 0.050420
3 0.616563 0.013072 0.034375 0.026144
3 0.643437 0.149860 0.016875 0.028945
3 0.675000 0.123249 0.033750 0.074697