3 0.867188 0.652500 0.256875 0.638334
3 0.735625 0.156667 0.166250 0.298333
3 0.464375 0.602083 0.095000 0.105833
3 0.145000 0.455000 0.196250 0.568334
3 0.679375 0.375000 0.500000 0.750000
3 0.178750 0.598334 0.155000 0.168333
3 0.614375 0.656250 0.382500 0.184166
3 0.574375 0.643333 0.186250 0.365000
3 0.744687 0.904583 0.395625 0.189167
3 0.672187 0.823750 0.139375 0.199166
3 0.878437 0.616667 0.240625 0.610000
3 0.876250 0.469167 0.228750 0.288333
3 0.770000 0.659166 0.458750 0.676667
3 0.145625 0.704166 0.067500 0.093333
3 0.580937 0.772500 0.069375 0.105000
3 0.599063 0.881667 0.105625 0.131667
3 0.332187 0.554167 0.301875 0.631667
3 0.719062 0.222916 0.124375 0.180833
3 0.817187 0.507916 0.103125 0.195833
3 0.141562 0.400416 0.103125 0.390833
3 0.598437 0.582916 0.414375 0.460833
3 0.593750 0.506250 0.126250 0.592500
3 0.845000 0.801667 0.275000 0.301667
3 0.777500 0.774166 0.077500 0.153333
3 0.693125 0.240000 0.041250 0.063334
3 0.781562 0.529167 0.024375 0.050000
3 0.425625 0.783334 0.111250 0.108333
3 0.549063 0.759167 0.050625 0.085000
3 0.730938 0.793334 0.044375 0.086667
3 0.779375 0.810000 0.077500 0.090000