3 0.120938 0.510417 0.241875 0.144167
3 0.138437 0.133750 0.276875 0.267500
3 0.180000 0.886250 0.360000 0.225834
3 0.183750 0.552917 0.367500 0.437500
3 0.524062 0.397083 0.173125 0.177500
3 0.845000 0.248334 0.302500 0.496667
3 0.824062 0.708333 0.258125 0.581667
3 0.390000 0.615000 0.118750 0.155000
3 0.461875 0.563750 0.110000 0.159166
3 0.873438 0.472916 0.209375 0.109167
3 0.176875 0.890417 0.353750 0.217500
3 0.530312 0.406250 0.180625 0.169166
3 0.140000 0.627500 0.280000 0.325000
3 0.338750 0.523334 0.042500 0.296667
3 0.529062 0.404166 0.186875 0.178333
3 0.837187 0.721667 0.208125 0.555000
3 0.175937 0.499584 0.351875 0.999167
3 0.846875 0.499584 0.305000 0.999167
3 0.176563 0.889167 0.353125 0.220000
3 0.179375 0.668750 0.357500 0.660834
3 0.870000 0.555000 0.218750 0.258334
3 0.462812 0.565833 0.106875 0.160000
3 0.065313 0.695833 0.129375 0.165000
3 0.340625 0.415833 0.033750 0.081667
3 0.525937 0.397083 0.169375 0.122500
3 0.875000 0.670000 0.102500 0.223334