3 0.146100 0.620000 0.236879 0.681666
3 0.136170 0.617083 0.221277 0.592500
3 0.271276 0.555000 0.233333 0.448334
3 0.363830 0.535416 0.174468 0.639167
3 0.454610 0.571667 0.201418 0.731667
3 0.635815 0.612917 0.322695 0.732500
3 0.202127 0.722083 0.404255 0.375833
3 0.619858 0.792917 0.758865 0.399167
3 0.256028 0.541250 0.134752 0.387500
3 0.361702 0.539166 0.175886 0.526667
3 0.484752 0.589584 0.141135 0.590833
3 0.669504 0.647500 0.260993 0.610000
3 0.397163 0.508750 0.310638 0.269166
3 0.581206 0.542084 0.104255 0.184167
3 0.842199 0.580000 0.148227 0.243334
3 0.927305 0.508750 0.068794 0.079166
3 0.946808 0.581667 0.104965 0.160000