3 0.787188 0.467874 0.141875 0.498832
3 0.784062 0.571261 0.153125 0.764019
3 0.095625 0.450935 0.191250 0.462617
3 0.277187 0.439253 0.171875 0.399533
3 0.447813 0.539720 0.238125 0.467289
3 0.540000 0.445094 0.056250 0.268691
3 0.920000 0.497663 0.145000 0.411215
3 0.095312 0.552570 0.190625 0.892524
3 0.189375 0.576519 0.092500 0.844626
3 0.371563 0.583528 0.084375 0.830608
3 0.448437 0.589954 0.233125 0.817757
3 0.523750 0.411799 0.092500 0.410046
3 0.622500 0.258762 0.173750 0.328271
3 0.588437 0.912968 0.236875 0.171729
3 0.880000 0.844626 0.238750 0.308411