4 0.618750 0.715834 0.143750 0.336667
4 0.261875 0.714584 0.046250 0.089167
4 0.364375 0.735416 0.040000 0.144167
4 0.422813 0.705000 0.026875 0.111666
4 0.515000 0.730834 0.038750 0.118333
4 0.595313 0.543750 0.054375 0.099166
4 0.685312 0.499584 0.023125 0.074167
4 0.770000 0.442500 0.006250 0.035000
4 0.780312 0.734584 0.024375 0.085833
4 0.790937 0.460000 0.016875 0.058334
4 0.816563 0.732916 0.021875 0.095833
4 0.834062 0.740000 0.023125 0.096666
4 0.890313 0.743333 0.029375 0.100000
4 0.101875 0.165416 0.203750 0.330833
4 0.459375 0.371667 0.227500 0.208333
4 0.557500 0.501667 0.067500 0.100000
4 0.776250 0.171666 0.347500 0.343333
4 0.650000 0.492916 0.078750 0.089167
4 0.828125 0.495417 0.125000 0.090833
4 0.794375 0.588750 0.035000 0.064166
4 0.894062 0.820833 0.089375 0.053333
4 0.886563 0.757084 0.069375 0.069167
4 0.928750 0.490416 0.091250 0.064167
4 0.961250 0.727083 0.076250 0.089167
4 0.017812 0.659166 0.035625 0.106667
4 0.173125 0.657500 0.076250 0.110000
4 0.236562 0.664583 0.065625 0.124167
4 0.307187 0.661250 0.049375 0.130834
4 0.357500 0.638750 0.051250 0.114166