4 0.821875 0.679583 0.143750 0.127500
4 0.198437 0.660834 0.053125 0.091667
4 0.249375 0.667083 0.043750 0.075833
4 0.310937 0.667083 0.050625 0.079167
4 0.358125 0.685000 0.072500 0.091666
4 0.355313 0.630833 0.056875 0.045000
4 0.394687 0.636667 0.034375 0.060000
4 0.405625 0.698333 0.038750 0.048333
4 0.446562 0.636667 0.060625 0.053333
4 0.462500 0.688750 0.075000 0.080834
4 0.566562 0.687917 0.096875 0.072500
4 0.549063 0.700833 0.059375 0.053333
4 0.638437 0.687083 0.056875 0.067500
4 0.688125 0.686250 0.083750 0.082500