4 0.357812 0.514166 0.715625 0.971667
4 0.827187 0.775417 0.344375 0.447500
4 0.072813 0.444584 0.145625 0.110833
4 0.072500 0.452500 0.023750 0.040000
4 0.693125 0.414583 0.068750 0.090833
4 0.763437 0.796250 0.020625 0.014166
4 0.797813 0.796250 0.029375 0.027500
4 0.864375 0.780417 0.046250 0.027500
4 0.915312 0.445833 0.034375 0.053333
4 0.942813 0.639166 0.061875 0.106667
4 0.934063 0.445000 0.023125 0.041666
4 0.971562 0.449167 0.049375 0.056667
4 0.975938 0.761667 0.043125 0.035000
4 0.988750 0.628333 0.021250 0.091667