4 0.764291 0.806875 0.259321 0.373750
4 0.050953 0.786250 0.101906 0.395000
4 0.927920 0.209375 0.117647 0.348750
4 0.934134 0.800000 0.125104 0.382500
4 0.361641 0.827500 0.159901 0.342500
4 0.527755 0.798750 0.265120 0.395000
4 0.937034 0.773750 0.124275 0.450000
4 0.170671 0.180625 0.341342 0.361250
4 0.492129 0.425000 0.570008 0.520000
4 0.650373 0.164375 0.190555 0.303750
4 0.809859 0.311875 0.024026 0.021250
4 0.864126 0.302500 0.029826 0.072500
4 0.045153 0.876875 0.090307 0.243750
4 0.248965 0.967500 0.077051 0.062500
4 0.353356 0.940000 0.131731 0.117500
4 0.526097 0.920625 0.266777 0.156250
4 0.750207 0.893125 0.247722 0.211250
4 0.655758 0.588125 0.686826 0.586250