4 0.195555 0.744166 0.086667 0.418333
4 0.580556 0.699167 0.132223 0.535000
4 0.065000 0.664167 0.092222 0.521667
4 0.129444 0.680833 0.092223 0.505000
4 0.366667 0.700000 0.086667 0.536666
4 0.442223 0.705833 0.113333 0.585000
4 0.581111 0.714166 0.104444 0.568333
4 0.499445 0.244167 0.998889 0.478333
4 0.041112 0.895833 0.031111 0.045000
4 0.088889 0.910833 0.046666 0.045000
4 0.116667 0.918334 0.015555 0.033333
4 0.151666 0.916667 0.045555 0.046667
4 0.020556 0.517500 0.041111 0.178334
4 0.503333 0.513333 0.091111 0.176667
4 0.683334 0.488333 0.206667 0.273333