4 0.590625 0.706666 0.636250 0.453333
4 0.171875 0.591666 0.343750 0.713333
4 0.195625 0.777500 0.391250 0.441666
4 0.101250 0.179167 0.037500 0.085000
4 0.168125 0.179167 0.058750 0.108333
4 0.238125 0.168333 0.088750 0.120000
4 0.509375 0.178333 0.078750 0.200000
4 0.588125 0.308334 0.058750 0.253333
4 0.604375 0.186667 0.051250 0.176667
4 0.716875 0.320833 0.041250 0.225000
4 0.731250 0.170000 0.030000 0.166666
4 0.863750 0.646667 0.270000 0.703333
4 0.846875 0.162500 0.028750 0.168334
4 0.867500 0.224166 0.055000 0.108333
4 0.900000 0.315000 0.080000 0.226666
4 0.918125 0.168333 0.056250 0.150000
4 0.980000 0.165000 0.037500 0.183334
4 0.004375 0.214167 0.008750 0.021667
4 0.039375 0.130000 0.011250 0.026666
4 0.047500 0.214167 0.012500 0.021667
4 0.104375 0.411666 0.098750 0.176667
4 0.074375 0.223333 0.021250 0.026667
4 0.087500 0.160000 0.010000 0.023334
4 0.131875 0.200000 0.013750 0.020000
4 0.147500 0.217500 0.007500 0.028334
4 0.164375 0.150000 0.023750 0.016666
4 0.220625 0.118333 0.013750 0.030000
4 0.235000 0.175000 0.007500 0.026666
4 0.318750 0.127500 0.015000 0.021666
4 0.345000 0.135000 0.012500 0.020000
4 0.375625 0.120834 0.016250 0.018333
4 0.398750 0.227500 0.015000 0.025000
4 0.408125 0.206667 0.016250 0.023333
4 0.454375 0.120834 0.013750 0.018333
4 0.459375 0.233333 0.016250 0.020000
4 0.475625 0.262500 0.016250 0.018334
4 0.516250 0.217500 0.025000 0.035000
4 0.515000 0.100833 0.015000 0.035000
4 0.578125 0.216667 0.018750 0.030000
4 0.643750 0.216667 0.017500 0.026667
4 0.681875 0.241667 0.013750 0.030000
4 0.734375 0.106666 0.011250 0.016667
4 0.800625 0.130000 0.013750 0.016666
4 0.846250 0.243334 0.015000 0.033333
4 0.858750 0.114167 0.015000 0.021667
4 0.902500 0.239167 0.017500 0.021667
4 0.912500 0.117500 0.015000 0.028334
4 0.971250 0.240833 0.022500 0.031667