4 0.930000 0.907812 0.140000 0.168125
4 0.901667 0.336875 0.155000 0.283750
4 0.927917 0.917188 0.144167 0.150625
4 0.386250 0.878750 0.162500 0.167500
4 0.009166 0.846875 0.018333 0.027500
4 0.038750 0.906562 0.077500 0.123125
4 0.155833 0.321250 0.100000 0.185000
4 0.360834 0.805937 0.086667 0.128125
4 0.454167 0.274375 0.223333 0.186250
4 0.418750 0.773438 0.057500 0.086875
4 0.727500 0.331562 0.123334 0.164375
4 0.456667 0.764687 0.166667 0.229375
4 0.372500 0.785313 0.045000 0.040625
4 0.419166 0.771562 0.048333 0.044375