4 0.421563 0.716250 0.184375 0.495834
4 0.489062 0.969583 0.023125 0.059167
4 0.550312 0.969167 0.019375 0.048333
4 0.045625 0.993750 0.031250 0.010834
4 0.081250 0.877500 0.045000 0.088334
4 0.130000 0.669583 0.075000 0.142500
4 0.280312 0.987917 0.055625 0.022500
4 0.437500 0.797917 0.196250 0.402500
4 0.486250 0.975417 0.026250 0.035833
4 0.514375 0.980000 0.038750 0.038334
4 0.550312 0.975833 0.016875 0.040000
4 0.565000 0.967083 0.015000 0.022500
4 0.610313 0.966250 0.025625 0.010834
4 0.655938 0.605417 0.029375 0.060833
4 0.701875 0.984584 0.077500 0.029167
4 0.799375 0.677917 0.042500 0.067500
4 0.821875 0.105417 0.042500 0.082500
4 0.859063 0.986250 0.055625 0.025834
4 0.913125 0.978333 0.045000 0.041667
4 0.974375 0.991250 0.036250 0.015834
4 0.685625 0.501250 0.627500 0.895834