4 0.888437 0.779246 0.085625 0.386793
4 0.889687 0.756132 0.086875 0.319812
4 0.509375 0.643868 0.552500 0.608490
4 0.412813 0.777831 0.114375 0.423585
4 0.473125 0.330661 0.137500 0.295283
4 0.587500 0.316509 0.110000 0.200943
4 0.661875 0.408019 0.143750 0.342453
4 0.071875 0.139623 0.143750 0.279245
4 0.231875 0.140095 0.181250 0.280189
4 0.662500 0.133019 0.673750 0.266038
4 0.421250 0.732075 0.103750 0.250943
4 0.469688 0.344340 0.129375 0.218868
4 0.595000 0.345283 0.046250 0.132076
4 0.655000 0.479717 0.080000 0.133018
4 0.674687 0.358019 0.068125 0.110378