4 0.848954 0.459063 0.086192 0.164375
4 0.867364 0.628125 0.240168 0.128750
4 0.553557 0.454063 0.250209 0.119375
4 0.005857 0.454062 0.011715 0.068125
4 0.016318 0.439375 0.014226 0.046250
4 0.046025 0.455625 0.026778 0.071250
4 0.220921 0.460938 0.088703 0.184375
4 0.594143 0.470000 0.025105 0.056250
4 0.658996 0.463437 0.051046 0.086875
4 0.061925 0.552188 0.075314 0.059375
4 0.304184 0.535625 0.139749 0.102500
4 0.814644 0.422500 0.369037 0.200000
4 0.344352 0.468438 0.148117 0.090625
4 0.419665 0.474062 0.097908 0.071875