4 0.375625 0.734166 0.751250 0.468333
4 0.223125 0.790000 0.103750 0.416666
4 0.445000 0.755000 0.150000 0.336666
4 0.570000 0.605000 0.030000 0.106666
4 0.650000 0.795833 0.080000 0.365000
4 0.043750 0.805833 0.087500 0.385000
4 0.093125 0.794166 0.146250 0.408333
4 0.117500 0.541667 0.080000 0.136667
4 0.106875 0.617500 0.023750 0.055000
4 0.298750 0.729167 0.077500 0.321667
4 0.446250 0.753334 0.147500 0.333333
4 0.511250 0.695833 0.070000 0.268333
4 0.592500 0.670000 0.077500 0.236666
4 0.731250 0.795000 0.227500 0.406666
4 0.669375 0.600834 0.028750 0.101667
4 0.972500 0.384166 0.052500 0.141667
4 0.200000 0.260000 0.400000 0.520000
4 0.750000 0.321667 0.497500 0.413333
4 0.060000 0.865833 0.120000 0.265000
4 0.099375 0.843333 0.148750 0.310000
4 0.125000 0.568333 0.065000 0.080000
4 0.229375 0.820000 0.106250 0.356666
4 0.296875 0.744167 0.073750 0.265000
4 0.373750 0.669167 0.027500 0.175000
4 0.435000 0.725834 0.117500 0.201667
4 0.512500 0.673334 0.077500 0.156667
4 0.585625 0.650000 0.068750 0.143334
4 0.650625 0.812500 0.076250 0.291666
4 0.685625 0.599166 0.058750 0.058333
4 0.753125 0.783334 0.161250 0.276667
4 0.461250 0.436667 0.125000 0.153333