4 0.370527 0.444688 0.187382 0.243125
4 0.480226 0.387188 0.145010 0.143125
4 0.502355 0.696250 0.586629 0.418750
4 0.392185 0.453438 0.172317 0.174375
4 0.726460 0.386563 0.080037 0.075625
4 0.576271 0.462500 0.205273 0.186250
4 0.663842 0.433438 0.112994 0.141875
4 0.797552 0.416562 0.154426 0.169375
4 0.503296 0.390000 0.991525 0.775000
4 0.796610 0.633437 0.404896 0.336875
4 0.379002 0.349375 0.032956 0.027500
4 0.475518 0.332813 0.035782 0.035625
4 0.557910 0.389688 0.038607 0.025625
4 0.674199 0.385625 0.041431 0.032500
4 0.804143 0.354375 0.043314 0.037500