4 0.073750 0.579167 0.095000 0.451667
4 0.420000 0.454167 0.282500 0.615000
4 0.640625 0.393334 0.016250 0.016667
4 0.068750 0.404167 0.040000 0.065000
4 0.648125 0.398334 0.036250 0.073333
4 0.881250 0.463333 0.015000 0.033333
4 0.979375 0.480834 0.026250 0.031667
4 0.630625 0.579167 0.218750 0.425000
4 0.575000 0.529166 0.037500 0.111667
4 0.872500 0.510000 0.032500 0.123334
4 0.975625 0.557500 0.031250 0.191666
4 0.134375 0.460000 0.268750 0.416666
4 0.736875 0.492500 0.236250 0.508334
4 0.070000 0.418333 0.015000 0.020000
4 0.069375 0.420833 0.008750 0.011667
4 0.631875 0.401667 0.006250 0.013333