4 0.331250 0.389359 0.118750 0.486817
4 0.229375 0.387947 0.112500 0.288136
4 0.241875 0.411488 0.146250 0.410546
4 0.474375 0.447740 0.198750 0.500000
4 0.814375 0.724106 0.051250 0.263653
4 0.095000 0.584746 0.190000 0.212806
4 0.297813 0.959040 0.074375 0.080037
4 0.334688 0.430320 0.110625 0.367232
4 0.465313 0.436441 0.171875 0.366290
4 0.670313 0.968456 0.071875 0.061205
4 0.822188 0.734463 0.063125 0.233522
4 0.918125 0.599341 0.162500 0.202448
4 0.440937 0.730226 0.881875 0.537664
4 0.720000 0.635123 0.302500 0.407721