4 0.623886 0.413438 0.746880 0.354375
4 0.621212 0.638750 0.130125 0.202500
4 0.500000 0.573438 0.119430 0.263125
4 0.764261 0.570625 0.175579 0.326250
4 0.155971 0.534062 0.149733 0.290625
4 0.606952 0.566875 0.167558 0.292500
4 0.143048 0.662500 0.031194 0.022500
4 0.179144 0.663750 0.058823 0.022500
4 0.487968 0.689688 0.057932 0.021875
4 0.535205 0.689688 0.036542 0.021875
4 0.565954 0.706562 0.039216 0.016875
4 0.653298 0.704063 0.039216 0.015625
4 0.733066 0.724375 0.036542 0.023750
4 0.831105 0.721563 0.043672 0.020625