4 0.862102 0.477187 0.275797 0.363125
4 0.656192 0.660312 0.481239 0.346875
4 0.704033 0.833125 0.535647 0.333750
4 0.477955 0.390625 0.038462 0.020000
4 0.583489 0.511562 0.030019 0.008125
4 0.852720 0.383750 0.048781 0.033750
4 0.535178 0.542500 0.408068 0.416250
4 0.445122 0.431562 0.241088 0.203125
4 0.571295 0.471250 0.118199 0.070000
4 0.844278 0.341250 0.099437 0.070000
4 0.479831 0.364375 0.130394 0.092500
4 0.577392 0.487500 0.130394 0.098750
4 0.845216 0.364375 0.118199 0.120000
4 0.686210 0.659687 0.366792 0.449375
4 0.536116 0.549375 0.419325 0.456250
4 0.330207 0.194375 0.660413 0.388750
4 0.499531 0.496875 0.999062 0.993750
4 0.885553 0.541875 0.227017 0.265000
4 0.477955 0.376875 0.079738 0.065000
4 0.576924 0.501563 0.097561 0.068125
4 0.853658 0.368437 0.097561 0.099375
4 0.464353 0.372500 0.015009 0.018750
4 0.576923 0.501563 0.035648 0.020625
4 0.847561 0.351250 0.023452 0.023750