4 0.852812 0.402861 0.266875 0.665077
4 0.477187 0.367104 0.189375 0.307509
4 0.047813 0.740763 0.095625 0.516090
4 0.138125 0.137664 0.276250 0.275328
4 0.062187 0.225268 0.123125 0.114422
4 0.184688 0.259237 0.063125 0.065554
4 0.531875 0.301550 0.101250 0.474375
4 0.620313 0.458284 0.090625 0.165673
4 0.652813 0.482717 0.074375 0.083433
4 0.663438 0.550059 0.069375 0.079857
4 0.824062 0.608462 0.200625 0.208581
4 0.841875 0.766984 0.103750 0.227651
4 0.911875 0.779500 0.056250 0.207389
4 0.966562 0.781883 0.065625 0.128725
4 0.115000 0.441001 0.115000 0.185936
4 0.244375 0.438617 0.100000 0.209773
4 0.238438 0.284863 0.083125 0.171633
4 0.337500 0.479141 0.050000 0.104887