4 0.832188 0.672612 0.145625 0.634062
4 0.326875 0.757767 0.128750 0.420023
4 0.338750 0.752590 0.130000 0.469505
4 0.908125 0.726122 0.071250 0.517836
4 0.930937 0.448217 0.040625 0.208285
4 0.944063 0.485615 0.031875 0.174913
4 0.957188 0.668584 0.074375 0.644419
4 0.984375 0.333141 0.007500 0.017261
4 0.055313 0.719218 0.080625 0.513233
4 0.824062 0.727848 0.134375 0.542002
4 0.909062 0.750287 0.071875 0.462601
4 0.925312 0.467779 0.031875 0.171462
4 0.961875 0.658228 0.068750 0.481012
4 0.234687 0.497698 0.333125 0.979287