4 0.734375 0.509101 0.520312 0.672355
4 0.011719 0.201934 0.023438 0.037542
4 0.499609 0.516496 0.999219 0.964732
4 0.094531 0.229238 0.018750 0.017065
4 0.148047 0.224118 0.022656 0.027304
4 0.275390 0.193970 0.136719 0.035267
4 0.371484 0.156427 0.032031 0.021615
4 0.420312 0.150171 0.035937 0.020478
4 0.465234 0.153015 0.022656 0.019340
4 0.537500 0.146189 0.043750 0.021616
4 0.568360 0.180318 0.074219 0.028441
4 0.576172 0.240046 0.017969 0.015927
4 0.586328 0.197383 0.038282 0.037543
4 0.275781 0.755404 0.410938 0.430034