4 0.635833 0.589688 0.208333 0.494375
4 0.636250 0.383125 0.090834 0.093750
4 0.779166 0.545937 0.183333 0.478125
4 0.429583 0.521250 0.507500 0.550000
4 0.616667 0.386875 0.011667 0.008750
4 0.638333 0.384687 0.011667 0.006875
4 0.719167 0.382188 0.011667 0.006875
4 0.742084 0.383125 0.010833 0.005000
4 0.753750 0.585313 0.189166 0.389375
4 0.620834 0.373750 0.066667 0.037500
4 0.735834 0.366563 0.076667 0.058125
4 0.737916 0.378125 0.059167 0.068750
4 0.618334 0.597813 0.218333 0.486875
4 0.278334 0.297500 0.556667 0.595000
4 0.776667 0.145000 0.445000 0.290000
4 0.596667 0.825313 0.050000 0.029375
4 0.667500 0.802500 0.050000 0.051250
4 0.703750 0.728438 0.054166 0.101875
4 0.768750 0.736563 0.047500 0.090625
4 0.758333 0.475313 0.235000 0.411875
4 0.624583 0.393125 0.047500 0.057500
4 0.732500 0.390000 0.050000 0.060000