4 0.578125 0.597438 0.090000 0.114699
4 0.480938 0.967149 0.073125 0.063474
4 0.570937 0.913140 0.133125 0.171492
4 0.795313 0.855233 0.291875 0.287305
4 0.946562 0.836302 0.105625 0.325167
4 0.069687 0.308463 0.139375 0.376392
4 0.169375 0.283964 0.088750 0.285078
4 0.239375 0.329064 0.097500 0.395323
4 0.329375 0.335746 0.168750 0.339644
4 0.481875 0.358575 0.146250 0.262807
4 0.522813 0.465479 0.115625 0.180401
4 0.754063 0.423163 0.331875 0.365256
4 0.697500 0.488864 0.208750 0.167038
4 0.917188 0.523942 0.130625 0.410913
4 0.923125 0.433742 0.083750 0.143653
4 0.947500 0.535635 0.103750 0.287305
4 0.795000 0.578507 0.102500 0.125835