4 0.505625 0.611632 0.622500 0.560976
4 0.124063 0.334427 0.248125 0.638837
4 0.393125 0.332551 0.353750 0.603189
4 0.445625 0.459193 0.300000 0.434334
4 0.484688 0.151032 0.275625 0.302064
4 0.658125 0.358349 0.148750 0.210132
4 0.742188 0.286585 0.246875 0.361163
4 0.695937 0.446060 0.119375 0.115384
4 0.812500 0.283771 0.350000 0.567542
4 0.810625 0.573171 0.168750 0.223265
4 0.830937 0.366322 0.081875 0.732645
4 0.935000 0.088180 0.128750 0.176360
4 0.958125 0.468105 0.082500 0.121952
4 0.964063 0.359287 0.070625 0.212008