4 0.442187 0.735928 0.095625 0.378049
4 0.120625 0.724203 0.055000 0.318949
4 0.176563 0.325516 0.035625 0.075046
4 0.222500 0.187617 0.056250 0.022514
4 0.339375 0.277205 0.115000 0.194183
4 0.340625 0.624297 0.087500 0.364915
4 0.441875 0.258912 0.110000 0.165103
4 0.443750 0.755159 0.098750 0.380863
4 0.051562 0.839118 0.103125 0.319888
4 0.116875 0.542214 0.038750 0.061914
4 0.177812 0.280957 0.019375 0.023452
4 0.220625 0.166511 0.015000 0.032833
4 0.320625 0.887898 0.215000 0.222327
4 0.256563 0.306754 0.015625 0.035647
4 0.282813 0.288461 0.019375 0.030957
4 0.300312 0.264072 0.020625 0.032833
4 0.323750 0.534709 0.035000 0.061914
4 0.365312 0.179644 0.035625 0.055347
4 0.409062 0.584428 0.043125 0.061914
4 0.454063 0.541276 0.035625 0.056285
4 0.868125 0.905253 0.262500 0.187617
4 0.128437 0.706379 0.076875 0.378986
4 0.187500 0.318480 0.053750 0.106004
4 0.220625 0.176829 0.051250 0.042214
4 0.259062 0.329268 0.030625 0.080675
4 0.290625 0.304878 0.035000 0.071294
4 0.331562 0.261726 0.116875 0.223264
4 0.302187 0.274390 0.021875 0.047842
4 0.329688 0.617260 0.074375 0.380863
4 0.400000 0.707786 0.068750 0.299250
4 0.441875 0.258912 0.111250 0.163227
4 0.446250 0.731707 0.095000 0.440901
4 0.120625 0.723264 0.052500 0.296435
4 0.177187 0.325985 0.036875 0.074108
4 0.223750 0.179644 0.038750 0.025329
4 0.300625 0.287523 0.017500 0.032833
4 0.332187 0.277674 0.070625 0.155723
4 0.339062 0.689025 0.081875 0.271107
4 0.385313 0.727955 0.035625 0.213884
4 0.476562 0.575985 0.668125 0.690432