4 0.569375 0.264072 0.192500 0.314259
4 0.030312 0.479831 0.060625 0.113508
4 0.161562 0.698406 0.048125 0.115385
4 0.336875 0.564259 0.105000 0.106004
4 0.325000 0.716228 0.055000 0.121013
4 0.402500 0.747186 0.051250 0.094747
4 0.430000 0.643527 0.067500 0.060038
4 0.478750 0.701688 0.116250 0.157599
4 0.516875 0.551126 0.055000 0.087242
4 0.534375 0.729831 0.085000 0.133208
4 0.544063 0.638367 0.036875 0.053471
4 0.581875 0.609756 0.015000 0.069418
4 0.611875 0.700281 0.070000 0.130394
4 0.711250 0.597092 0.110000 0.143528
4 0.677812 0.502814 0.023125 0.067542
4 0.796250 0.719043 0.055000 0.115384
4 0.927188 0.733115 0.144375 0.192307
4 0.937500 0.754221 0.060000 0.146341
4 0.984687 0.606473 0.029375 0.047842