4 0.453565 0.185625 0.460600 0.215000
4 0.141651 0.667500 0.127580 0.126250
4 0.208255 0.765000 0.123828 0.102500
4 0.242964 0.533438 0.176360 0.155625
4 0.296435 0.631875 0.125704 0.098750
4 0.454503 0.220000 0.400563 0.280000
4 0.392589 0.744375 0.102252 0.092500
4 0.433865 0.854688 0.128518 0.094375
4 0.459662 0.521562 0.174484 0.196875
4 0.444184 0.068125 0.092870 0.033750
4 0.458255 0.752188 0.068480 0.076875
4 0.545497 0.736875 0.197936 0.135000
4 0.603190 0.864062 0.127579 0.068125
4 0.746717 0.519687 0.204503 0.128125
4 0.766886 0.770312 0.107880 0.071875
4 0.882270 0.638750 0.220450 0.157500