4 0.430176 0.798529 0.256836 0.385294
4 0.417480 0.747794 0.131836 0.201470
4 0.528320 0.326470 0.164063 0.338235
4 0.615234 0.885294 0.095703 0.229412
4 0.405273 0.744853 0.025391 0.022058
4 0.446778 0.742648 0.022461 0.017647
4 0.721191 0.602942 0.022461 0.011765
4 0.765137 0.602206 0.024414 0.025000
4 0.844726 0.363235 0.023437 0.020588
4 0.885742 0.362500 0.021484 0.019118
4 0.425781 0.802206 0.039062 0.027941
4 0.659180 0.364706 0.037109 0.029412
4 0.746093 0.661029 0.042969 0.019117
4 0.864746 0.422059 0.032226 0.032353
4 0.415527 0.901471 0.247070 0.194117
4 0.642578 0.702206 0.228516 0.592647
4 0.885742 0.723529 0.226562 0.550000
4 0.737305 0.563971 0.166015 0.195589
4 0.640136 0.546323 0.219727 0.695589
4 0.888672 0.627206 0.220703 0.742647
4 0.417480 0.697794 0.118164 0.148530
4 0.647949 0.386764 0.159180 0.376471
4 0.875976 0.427206 0.193359 0.351470
4 0.969726 0.435294 0.058593 0.108824
4 0.661621 0.302941 0.110352 0.208824
4 0.746093 0.597794 0.136719 0.219118
4 0.868164 0.352941 0.115234 0.200000
4 0.766113 0.601471 0.465820 0.794117
4 0.497071 0.240441 0.994141 0.266176
4 0.343750 0.412500 0.242188 0.060294
4 0.317871 0.285294 0.083008 0.094118
4 0.795410 0.347794 0.124024 0.319118
4 0.422852 0.754412 0.087891 0.179412
4 0.655761 0.322794 0.084961 0.157353
4 0.740722 0.636765 0.098633 0.150000
4 0.864258 0.386030 0.083984 0.148529
4 0.325684 0.930147 0.075195 0.136764
4 0.510254 0.915441 0.059570 0.166176
4 0.559082 0.647794 0.061524 0.486764
4 0.832520 0.855882 0.084961 0.285294
4 0.975585 0.741176 0.046875 0.514705
4 0.425782 0.760294 0.019531 0.032353
4 0.653809 0.325735 0.028321 0.048529
4 0.743164 0.623529 0.029296 0.050000
4 0.862305 0.386765 0.029297 0.041177