4 0.120000 0.184334 0.143750 0.115384
4 0.127188 0.271576 0.085625 0.117260
4 0.199688 0.284710 0.069375 0.100375
4 0.228750 0.263134 0.048750 0.057223
4 0.264375 0.227486 0.050000 0.109756
4 0.318438 0.225609 0.074375 0.117261
4 0.370312 0.231708 0.026875 0.071295
4 0.414375 0.219043 0.052500 0.107880
4 0.473750 0.232646 0.066250 0.080675
4 0.485313 0.186211 0.040625 0.034709
4 0.543750 0.238274 0.050000 0.080676
4 0.566562 0.219043 0.058125 0.122890
4 0.625625 0.218105 0.047500 0.074108
4 0.655625 0.255629 0.036250 0.049719
4 0.668125 0.208724 0.051250 0.109756
4 0.726250 0.218105 0.048750 0.106004
4 0.811250 0.246248 0.032500 0.053471
4 0.854688 0.219512 0.074375 0.138837
4 0.918125 0.207786 0.095000 0.107880