4 0.220938 0.260833 0.059375 0.061667
4 0.435937 0.179583 0.050625 0.062500
4 0.500625 0.208750 0.073750 0.079166
4 0.477187 0.158750 0.019375 0.024166
4 0.500000 0.164166 0.026250 0.023333
4 0.529688 0.152084 0.033125 0.034167
4 0.571250 0.206250 0.082500 0.087500
4 0.667188 0.201250 0.065625 0.087500
4 0.718125 0.196666 0.070000 0.103333
4 0.776875 0.182084 0.076250 0.090833
4 0.850625 0.172917 0.050000 0.085833
4 0.901875 0.149584 0.046250 0.094167
4 0.956875 0.199583 0.085000 0.232500
4 0.937188 0.144584 0.034375 0.084167
4 0.380312 0.622916 0.568125 0.454167