4 0.603750 0.734623 0.088750 0.425596
4 0.398125 0.552083 0.241250 0.629960
4 0.058438 0.736112 0.078125 0.392857
4 0.153750 0.740080 0.073750 0.351191
4 0.182188 0.637401 0.023125 0.141865
4 0.216562 0.708333 0.069375 0.317460
4 0.268437 0.720239 0.070625 0.329365
4 0.366563 0.238591 0.084375 0.183532
4 0.416875 0.270338 0.047500 0.131945
4 0.424063 0.747024 0.035625 0.113095
4 0.505625 0.694445 0.057500 0.263889
4 0.515000 0.673611 0.048750 0.240080
4 0.570625 0.666667 0.055000 0.253968
4 0.638125 0.687997 0.043750 0.296627
4 0.675625 0.684028 0.047500 0.239087
4 0.726562 0.655258 0.023125 0.110119
4 0.767813 0.344742 0.048125 0.112104
4 0.872500 0.665674 0.041250 0.174603
4 0.871563 0.427580 0.035625 0.075397
4 0.996250 0.644345 0.006250 0.058532
4 0.770938 0.591270 0.145625 0.418651
4 0.887500 0.598214 0.105000 0.307540