4 0.908000 0.700516 0.104000 0.316695
4 0.562666 0.584768 0.365333 0.587779
4 0.269667 0.473752 0.475333 0.627366
4 0.091333 0.647590 0.182667 0.197074
4 0.266000 0.683735 0.074666 0.100688
4 0.390667 0.690620 0.116000 0.379518
4 0.860000 0.655336 0.234666 0.243545
4 0.970333 0.687177 0.058000 0.345095
4 0.011333 0.650602 0.022667 0.141136
4 0.036667 0.648021 0.033333 0.132530
4 0.085334 0.484509 0.018667 0.089501
4 0.101333 0.665232 0.037333 0.129088
4 0.133333 0.660068 0.029333 0.122203
4 0.148667 0.470740 0.033333 0.106712
4 0.167333 0.657487 0.041333 0.137694
4 0.201333 0.473322 0.034667 0.098106
4 0.286000 0.470740 0.058666 0.113598
4 0.338000 0.470740 0.056000 0.086058
4 0.384000 0.708692 0.094666 0.312392
4 0.386000 0.474183 0.080000 0.099827
4 0.606000 0.705680 0.036000 0.103270
4 0.646334 0.287436 0.104667 0.144579
4 0.738667 0.648881 0.022667 0.096386
4 0.750000 0.738382 0.034666 0.065404
4 0.756667 0.642858 0.032000 0.101549
4 0.796000 0.627366 0.046666 0.084337
4 0.792666 0.745267 0.029333 0.044750
4 0.830000 0.719449 0.045334 0.086058
4 0.838000 0.635973 0.037334 0.074011
4 0.971000 0.699226 0.056666 0.279691