4 0.648750 0.784687 0.222500 0.420625
4 0.637500 0.772813 0.251666 0.410625
4 0.489584 0.690000 0.810833 0.567500
4 0.412917 0.372188 0.129167 0.081875
4 0.455417 0.372188 0.255833 0.235625
4 0.565833 0.384062 0.148333 0.201875
4 0.643334 0.371250 0.106667 0.135000
4 0.433333 0.440312 0.205000 0.080625
4 0.559584 0.435312 0.139167 0.104375
4 0.400417 0.293125 0.079167 0.046250
4 0.578334 0.301563 0.048333 0.021875
4 0.627917 0.599687 0.052500 0.030625
4 0.646667 0.315000 0.043333 0.032500
4 0.408750 0.282813 0.054166 0.058125
4 0.576250 0.312188 0.052500 0.048125
4 0.626667 0.611563 0.061667 0.069375
4 0.646667 0.325000 0.043333 0.042500
4 0.453750 0.369375 0.245834 0.228750
4 0.639166 0.370313 0.098333 0.131875
4 0.499584 0.284375 0.999167 0.568750
4 0.560417 0.465313 0.040833 0.059375
4 0.609167 0.481250 0.055000 0.017500
4 0.552500 0.694688 0.086666 0.109375
4 0.579584 0.378437 0.059167 0.109375
4 0.685833 0.395000 0.038333 0.101250
4 0.704167 0.715313 0.075000 0.126875
4 0.412917 0.287500 0.014167 0.013750
4 0.582500 0.316250 0.011666 0.010000
4 0.630416 0.623125 0.010833 0.013750
4 0.633750 0.327500 0.014166 0.012500
4 0.684584 0.751563 0.035833 0.049375