4 0.846875 0.735761 0.245000 0.366014
4 0.022812 0.719421 0.045625 0.183940
4 0.030625 0.592904 0.043750 0.164332
4 0.064688 0.742297 0.073125 0.199814
4 0.058125 0.408030 0.035000 0.074696
4 0.082500 0.600840 0.070000 0.176471
4 0.145313 0.781513 0.080625 0.231559
4 0.218125 0.822596 0.088750 0.248366
4 0.343125 0.665733 0.051250 0.065360
4 0.382812 0.636788 0.035625 0.153128
4 0.788125 0.807656 0.101250 0.295051
4 0.943437 0.851541 0.106875 0.295051
4 0.971562 0.605509 0.029375 0.094304
4 0.053125 0.525677 0.106250 0.201680
4 0.173750 0.587769 0.095000 0.282913
4 0.257812 0.557423 0.121875 0.313726
4 0.376250 0.532679 0.190000 0.417367
4 0.474688 0.561158 0.130625 0.463118
4 0.565312 0.563959 0.160625 0.479926
4 0.693437 0.577964 0.219375 0.535947