4 0.500000 0.685028 0.998750 0.628060
4 0.164375 0.784369 0.028750 0.126177
4 0.296875 0.134180 0.011250 0.051789
4 0.321250 0.134180 0.018750 0.051789
4 0.535313 0.124765 0.011875 0.021657
4 0.565937 0.124765 0.009375 0.025423
4 0.625625 0.120527 0.010000 0.020716
4 0.640313 0.120998 0.026875 0.048022
4 0.691562 0.128531 0.014375 0.025424
4 0.735938 0.129472 0.018125 0.038607
4 0.760000 0.130414 0.007500 0.029190
4 0.795937 0.128531 0.013125 0.032956
4 0.815312 0.128531 0.013125 0.044256
4 0.852500 0.770715 0.035000 0.106403
4 0.577187 0.493880 0.413125 0.330509