4 0.213750 0.817326 0.145000 0.233522
4 0.218750 0.220339 0.120000 0.331450
4 0.219375 0.268362 0.108750 0.483993
4 0.299375 0.287194 0.113750 0.517890
4 0.365625 0.311676 0.118750 0.570622
4 0.889375 0.641243 0.218750 0.280602
4 0.361250 0.635593 0.722500 0.725047
4 0.224375 0.891714 0.141250 0.212806
4 0.289375 0.240113 0.098750 0.269304
4 0.367500 0.246704 0.112500 0.297552
4 0.623125 0.659134 0.391250 0.512241
4 0.890000 0.571564 0.217500 0.408663
4 0.369375 0.597928 0.738750 0.800377
4 0.631250 0.685499 0.380000 0.572504