4 0.596250 0.556489 0.158750 0.685341
4 0.458125 0.474789 0.116250 0.449113
4 0.596875 0.563959 0.166250 0.870214
4 0.763750 0.358077 0.046250 0.277311
4 0.807187 0.247899 0.018125 0.034547
4 0.538125 0.197479 0.357500 0.394958
4 0.674375 0.135387 0.051250 0.074697
4 0.751250 0.143324 0.048750 0.090570
4 0.884375 0.086368 0.230000 0.172736
4 0.813750 0.147059 0.052500 0.066293
4 0.859063 0.146125 0.059375 0.071896
4 0.977187 0.133520 0.044375 0.078432
4 0.454688 0.500467 0.110625 0.386554
4 0.764375 0.336135 0.050000 0.166199
4 0.162500 0.482727 0.165000 0.405229
4 0.324063 0.461251 0.210625 0.737628
4 0.453750 0.287581 0.056250 0.141923
4 0.671875 0.253968 0.061250 0.209150
4 0.778125 0.220822 0.063750 0.107376
4 0.924375 0.227358 0.048750 0.105509