4 0.587813 0.585835 0.476875 0.409944
4 0.190000 0.118199 0.380000 0.236398
4 0.075313 0.116322 0.075625 0.232645
4 0.221562 0.131801 0.190625 0.194184
4 0.330625 0.155722 0.057500 0.161351
4 0.442188 0.134615 0.178125 0.269231
4 0.580937 0.122421 0.128125 0.244841
4 0.588125 0.150093 0.113750 0.165103
4 0.670312 0.150094 0.075625 0.212008
4 0.743125 0.146342 0.070000 0.257035
4 0.784687 0.196529 0.069375 0.134146
4 0.825625 0.126172 0.102500 0.252345
4 0.896875 0.126172 0.062500 0.252345
4 0.940313 0.074109 0.041875 0.144465
4 0.975313 0.033771 0.048125 0.067542
4 0.986250 0.168386 0.026250 0.201689