4 0.614062 0.615834 0.283125 0.498333
4 0.034375 0.260833 0.068750 0.148333
4 0.308125 0.769583 0.616250 0.445833
4 0.120625 0.263333 0.117500 0.118333
4 0.415938 0.315833 0.051875 0.100000
4 0.809063 0.663334 0.380625 0.671667
4 0.950000 0.351250 0.098750 0.170834
4 0.013437 0.500833 0.026875 0.103333
4 0.053437 0.506250 0.106875 0.230834
4 0.123438 0.549583 0.141875 0.182500
4 0.314063 0.605417 0.329375 0.500833
4 0.225625 0.339167 0.101250 0.090000
4 0.488437 0.714583 0.210625 0.262500
4 0.697188 0.475417 0.121875 0.169167
4 0.857187 0.422500 0.059375 0.108334