4 0.825000 0.903438 0.233334 0.188125
4 0.573333 0.600313 0.743333 0.395625
4 0.091250 0.888437 0.150834 0.221875
4 0.353333 0.885312 0.155000 0.228125
4 0.465000 0.840313 0.091666 0.118125
4 0.853333 0.442813 0.043333 0.044375
4 0.098750 0.908438 0.144166 0.181875
4 0.305000 0.918750 0.105000 0.161250
4 0.367500 0.910313 0.156666 0.178125
4 0.482500 0.915938 0.155000 0.165625
4 0.506667 0.852500 0.080000 0.073750
4 0.583750 0.916875 0.152500 0.130000
4 0.809584 0.929063 0.239167 0.140625
4 0.945000 0.950313 0.105000 0.098125
4 0.108333 0.814062 0.038333 0.040625
4 0.330417 0.816875 0.029167 0.032500
4 0.461667 0.812812 0.025000 0.035625
4 0.547916 0.841875 0.029167 0.028750