4 0.481203 0.446250 0.857142 0.622500
4 0.470864 0.416250 0.821429 0.585000
4 0.496240 0.720000 0.992481 0.140000
4 0.955827 0.461875 0.084586 0.073750
4 0.090226 0.335625 0.045113 0.041250
4 0.144736 0.521875 0.082707 0.063750
4 0.136278 0.354375 0.046992 0.031250
4 0.171052 0.621250 0.116541 0.040000
4 0.181391 0.243125 0.046992 0.056250
4 0.189850 0.403125 0.041353 0.063750
4 0.244361 0.313750 0.086466 0.070000
4 0.231203 0.527500 0.037594 0.052500
4 0.259398 0.680625 0.033835 0.033750
4 0.261278 0.435625 0.033835 0.056250
4 0.341166 0.215000 0.058271 0.042500
4 0.335527 0.351875 0.043233 0.031250
4 0.358082 0.692500 0.031955 0.030000
4 0.405075 0.363125 0.077068 0.058750
4 0.399436 0.545000 0.046992 0.070000
4 0.432331 0.686875 0.105263 0.061250
4 0.434210 0.178125 0.082707 0.048750
4 0.438910 0.596250 0.065789 0.030000
4 0.431391 0.441250 0.043234 0.065000
4 0.492482 0.253125 0.105263 0.061250
4 0.521617 0.418125 0.084587 0.078750
4 0.520677 0.505625 0.048872 0.026250
4 0.585527 0.655625 0.043233 0.061250
4 0.595865 0.548750 0.048872 0.052500
4 0.625940 0.190625 0.056391 0.028750
4 0.675752 0.386875 0.080827 0.073750
4 0.654135 0.695000 0.033835 0.027500
4 0.746241 0.396875 0.060151 0.023750
4 0.815789 0.681250 0.056391 0.020000
4 0.859023 0.488750 0.056391 0.035000
4 0.881579 0.643750 0.030076 0.030000