4 0.021875 0.515010 0.043750 0.208255
4 0.091875 0.548781 0.172500 0.210131
4 0.030000 0.151970 0.043750 0.069418
4 0.141250 0.649625 0.163750 0.203565
4 0.105313 0.196998 0.066875 0.071294
4 0.131875 0.375703 0.106250 0.143527
4 0.175937 0.168855 0.091875 0.127579
4 0.196562 0.492964 0.076875 0.132270
4 0.235938 0.439024 0.115625 0.159475
4 0.299687 0.020169 0.029375 0.040338
4 0.316562 0.023921 0.028125 0.021576
4 0.352187 0.226548 0.034375 0.060976
4 0.405312 0.504221 0.113125 0.186679
4 0.398125 0.217166 0.067500 0.119137
4 0.455000 0.233583 0.043750 0.090057
4 0.522500 0.573640 0.170000 0.212946
4 0.601250 0.297842 0.073750 0.130394
4 0.681563 0.335366 0.126875 0.167918
4 0.881250 0.545028 0.147500 0.144466
4 0.849687 0.416041 0.081875 0.132270
4 0.954688 0.406660 0.089375 0.128517