4 0.026811 0.532857 0.053623 0.345714
4 0.064492 0.620000 0.053623 0.314286
4 0.126811 0.468572 0.076811 0.251429
4 0.192754 0.685715 0.130435 0.308571
4 0.190580 0.405714 0.091304 0.297143
4 0.294928 0.412857 0.027537 0.208572
4 0.447826 0.324286 0.063768 0.300000
4 0.508696 0.098572 0.031884 0.168571
4 0.541304 0.097142 0.053623 0.182857
4 0.610145 0.121429 0.084058 0.185715
4 0.663768 0.514285 0.057971 0.251429
4 0.689855 0.472857 0.060870 0.162857
4 0.942029 0.615714 0.113044 0.248571
4 0.919565 0.598572 0.056522 0.271429
4 0.489131 0.597143 0.372463 0.634286