4 0.238125 0.667917 0.066250 0.262500
4 0.561562 0.584167 0.384375 0.558333
4 0.015000 0.545416 0.030000 0.174167
4 0.016875 0.470833 0.033750 0.065000
4 0.035313 0.559167 0.060625 0.163333
4 0.120938 0.562083 0.055625 0.195833
4 0.274375 0.653750 0.027500 0.077500
4 0.307500 0.655833 0.043750 0.173333
4 0.368750 0.622084 0.012500 0.065833
4 0.381250 0.655833 0.036250 0.150000
4 0.439375 0.663333 0.037500 0.155000
4 0.455937 0.661250 0.019375 0.139166
4 0.504375 0.689584 0.038750 0.130833
4 0.529687 0.677083 0.026875 0.124167
4 0.568437 0.698333 0.031875 0.148333
4 0.759375 0.631250 0.032500 0.079166
4 0.762813 0.708750 0.033125 0.127500
4 0.800625 0.662084 0.042500 0.185833
4 0.830625 0.654167 0.030000 0.140000
4 0.896562 0.658334 0.024375 0.151667
4 0.919062 0.661667 0.041875 0.145000
4 0.980625 0.653334 0.037500 0.193333