4 0.614375 0.851852 0.197500 0.296296
4 0.500625 0.670078 0.016250 0.047758
4 0.585313 0.609161 0.036875 0.070175
4 0.609375 0.604776 0.057500 0.110136
4 0.751250 0.692495 0.056250 0.117934
4 0.896563 0.702729 0.068125 0.157894
4 0.499688 0.677875 0.018125 0.026316
4 0.574062 0.634016 0.030625 0.055555
4 0.612500 0.617934 0.053750 0.079922
4 0.704063 0.752924 0.029375 0.121832
4 0.746875 0.708577 0.036250 0.081872
4 0.898750 0.724659 0.067500 0.114035
4 0.732500 0.784601 0.085000 0.237817
4 0.912500 0.872319 0.170000 0.249513