4 0.485005 0.660937 0.619494 0.471875
4 0.011715 0.708438 0.023430 0.094375
4 0.058107 0.679375 0.033740 0.060000
4 0.060450 0.677812 0.032802 0.063125
4 0.080131 0.697188 0.045923 0.020625
4 0.097470 0.671563 0.020619 0.044375
4 0.112934 0.693750 0.030927 0.023750
4 0.122305 0.667500 0.023431 0.032500
4 0.179944 0.689375 0.020619 0.052500
4 0.196814 0.685000 0.028117 0.061250
4 0.456420 0.413750 0.106842 0.087500
4 0.494845 0.114375 0.112465 0.088750
4 0.066073 0.677188 0.038426 0.068125
4 0.105436 0.699062 0.045923 0.030625
4 0.154170 0.688125 0.036551 0.032500
4 0.179944 0.681250 0.020619 0.036250
4 0.200093 0.676875 0.025305 0.051250