4 0.497656 0.625000 0.982812 0.741666
4 0.934374 0.787500 0.109375 0.262500
4 0.497656 0.625000 0.982812 0.741666
4 0.497657 0.633333 0.198437 0.729167
4 0.633594 0.659375 0.185937 0.677084
4 0.500000 0.632292 0.200000 0.731250
4 0.628125 0.662500 0.200000 0.670834
4 0.288282 0.943750 0.104687 0.108334
4 0.409375 0.836458 0.021874 0.072917
4 0.432813 0.938542 0.056251 0.110417
4 0.471875 0.896875 0.065624 0.202084
4 0.675781 0.866667 0.120312 0.262500
4 0.732812 0.952084 0.137500 0.091667
4 0.788281 0.905209 0.035938 0.064583
4 0.842187 0.958333 0.131249 0.079167
4 0.826562 0.913542 0.025001 0.052083
4 0.944532 0.935417 0.107813 0.125000