4 0.789448 0.822327 0.089447 0.283018
4 0.288443 0.539308 0.281407 0.471698
4 0.022111 0.672170 0.038191 0.221698
4 0.061809 0.651729 0.039196 0.180817
4 0.135176 0.635220 0.027136 0.185534
4 0.157286 0.630503 0.033165 0.179245
4 0.303517 0.293239 0.042211 0.089622
4 0.442713 0.620283 0.021105 0.077044
4 0.520101 0.430817 0.033165 0.044025
4 0.592965 0.641509 0.050251 0.176101
4 0.681909 0.476415 0.021105 0.034592
4 0.715578 0.680817 0.054272 0.261007
4 0.751256 0.621069 0.035176 0.128931
4 0.787940 0.712264 0.084422 0.374214
4 0.860302 0.714622 0.070351 0.294025
4 0.849247 0.620283 0.024121 0.089622
4 0.954774 0.720912 0.062312 0.253144
4 0.990452 0.695755 0.017085 0.171384
4 0.590452 0.691038 0.051256 0.136792
4 0.706533 0.754717 0.054271 0.169812
4 0.905528 0.623428 0.036181 0.051887
4 0.489448 0.595125 0.112563 0.262579