4 0.126562 0.369407 0.179687 0.492141
4 0.692578 0.588271 0.139844 0.322854
4 0.500781 0.623942 0.993750 0.207980
4 0.070704 0.447400 0.057031 0.106409
4 0.160547 0.440145 0.063282 0.079806
4 0.334766 0.415961 0.078907 0.106409
4 0.422265 0.426844 0.061719 0.103990
4 0.664453 0.435308 0.035156 0.101572
4 0.705860 0.423216 0.047657 0.065297
4 0.499609 0.366989 0.999219 0.484885
4 0.065235 0.625151 0.107031 0.275696
4 0.160157 0.611245 0.115625 0.291415
4 0.328516 0.620314 0.127344 0.316807
4 0.428515 0.623942 0.089843 0.282950