4 0.648125 0.596045 0.461250 0.629002
4 0.256875 0.689266 0.417500 0.619585
4 0.066250 0.316855 0.132500 0.633710
4 0.155625 0.245292 0.202500 0.490584
4 0.282500 0.258945 0.120000 0.517891
4 0.294063 0.344633 0.035625 0.295669
4 0.318437 0.413371 0.066875 0.135594
4 0.351562 0.407721 0.066875 0.158192
4 0.359375 0.265537 0.038750 0.060264
4 0.390625 0.253296 0.088750 0.135593
4 0.436250 0.196328 0.063750 0.136535
4 0.434375 0.098399 0.047500 0.196798
4 0.549375 0.145010 0.103750 0.290019
4 0.583438 0.179849 0.074375 0.143126
4 0.675312 0.142185 0.136875 0.229755
4 0.714063 0.142184 0.130625 0.284369
4 0.795000 0.389359 0.097500 0.221281
4 0.783438 0.200094 0.043125 0.080038
4 0.837187 0.226459 0.091875 0.108287
4 0.918438 0.376648 0.161875 0.165725
4 0.912187 0.177025 0.070625 0.222223
4 0.964375 0.105461 0.070000 0.171375
4 0.165000 0.814971 0.245000 0.368173
4 0.335938 0.520244 0.010625 0.032957
4 0.344375 0.529661 0.018750 0.032956
4 0.927500 0.662901 0.143750 0.670433