4 0.026543 0.378907 0.053086 0.068359
4 0.067901 0.491700 0.135802 0.206055
4 0.197530 0.575195 0.311111 0.367187
4 0.147531 0.667481 0.203704 0.190429
4 0.227778 0.381348 0.043210 0.041992
4 0.317284 0.395019 0.140740 0.083007
4 0.300617 0.355957 0.090123 0.051758
4 0.408025 0.398926 0.141975 0.083008
4 0.475926 0.407715 0.146914 0.073242
4 0.560493 0.554688 0.162963 0.246093
4 0.574692 0.367676 0.097531 0.055664
4 0.595062 0.412110 0.079012 0.078125
4 0.677161 0.401367 0.124691 0.082031
4 0.846296 0.520020 0.300000 0.194336
4 0.804321 0.384765 0.141976 0.103515
4 0.911111 0.388672 0.175308 0.044922
4 0.935185 0.353028 0.127160 0.071289