4 0.316875 0.913165 0.093750 0.141923
4 0.329375 0.423903 0.297500 0.345472
4 0.499688 0.223623 0.999375 0.297852
4 0.102813 0.402427 0.039375 0.093371
4 0.280312 0.240896 0.038125 0.095238
4 0.344062 0.233426 0.026875 0.061625
4 0.461250 0.533613 0.102500 0.352007
4 0.591875 0.574696 0.112500 0.353875
4 0.707812 0.299254 0.021875 0.047619
4 0.881250 0.368814 0.041250 0.153128
4 0.934688 0.358544 0.031875 0.100841
4 0.969688 0.407563 0.040625 0.107376
4 0.076875 0.370681 0.153750 0.295051
4 0.642188 0.508870 0.341875 0.375350