4 0.625312 0.723796 0.749375 0.524080
4 0.616875 0.744098 0.692500 0.504249
4 0.125937 0.804061 0.033125 0.178471
4 0.138437 0.565156 0.028125 0.110482
4 0.148438 0.836639 0.029375 0.154863
4 0.170625 0.847498 0.053750 0.180359
4 0.175937 0.620869 0.038125 0.136922
4 0.197813 0.559962 0.033125 0.088763
4 0.248438 0.885269 0.034375 0.138810
4 0.350000 0.881964 0.056250 0.149198
4 0.352500 0.759207 0.041250 0.166194
4 0.365313 0.412654 0.028125 0.084985
4 0.368125 0.330028 0.015000 0.038716
4 0.446250 0.469783 0.043750 0.184136
4 0.493750 0.903210 0.048750 0.114259
4 0.515313 0.891407 0.043125 0.154864
4 0.525000 0.535883 0.030000 0.059490
4 0.555000 0.919264 0.051250 0.118035