4 0.080625 0.602251 0.161250 0.590995
4 0.365625 0.412289 0.053750 0.117260
4 0.480000 0.560507 0.150000 0.336773
4 0.647500 0.510788 0.110000 0.329268
4 0.725625 0.510319 0.087500 0.305816
4 0.785000 0.527674 0.116250 0.256097
4 0.842812 0.487336 0.136875 0.271107
4 0.893437 0.388837 0.071875 0.269231
4 0.499688 0.231239 0.999375 0.462477
4 0.682813 0.210600 0.063125 0.421201
4 0.047188 0.881332 0.066875 0.049718
4 0.137500 0.836773 0.055000 0.061914
4 0.590000 0.691839 0.041250 0.032833
4 0.197500 0.550188 0.395000 0.498124