4 0.525328 0.459375 0.245779 0.208750
4 0.219981 0.398125 0.106004 0.097500
4 0.527674 0.410938 0.122889 0.089375
4 0.123358 0.201250 0.227955 0.343750
4 0.528142 0.483437 0.268293 0.130625
4 0.552063 0.431250 0.856473 0.817500
4 0.251876 0.399375 0.023452 0.008750
4 0.510788 0.424063 0.023452 0.010625
4 0.550657 0.424063 0.020638 0.010625
4 0.529550 0.396563 0.130394 0.059375
4 0.221857 0.393125 0.087242 0.090000
4 0.257505 0.471250 0.276735 0.247500
4 0.521107 0.454375 0.184803 0.172500
4 0.584428 0.343125 0.829268 0.686250
4 0.499531 0.188125 0.999062 0.376250
4 0.211538 0.509375 0.173546 0.186250
4 0.388368 0.395625 0.041276 0.140000
4 0.243434 0.403438 0.060975 0.056875
4 0.526736 0.427187 0.079737 0.063125
4 0.261726 0.405312 0.013134 0.016875
4 0.528142 0.432813 0.026267 0.013125