4 0.697500 0.224105 0.107500 0.295669
4 0.697812 0.212806 0.096875 0.261770
4 0.031875 0.530132 0.010000 0.015066
4 0.048437 0.610170 0.023125 0.122411
4 0.051562 0.543785 0.011875 0.019774
4 0.063125 0.548493 0.006250 0.044256
4 0.026250 0.635123 0.052500 0.290961
4 0.055000 0.554143 0.017500 0.040490
4 0.162812 0.221751 0.020625 0.098870
4 0.177500 0.620998 0.040000 0.193032
4 0.203750 0.250941 0.010000 0.032957
4 0.227500 0.623823 0.050000 0.253296
4 0.221562 0.248117 0.020625 0.042373
4 0.235312 0.246233 0.019375 0.038607
4 0.255000 0.247175 0.015000 0.040490
4 0.377500 0.250471 0.018750 0.020716
4 0.415938 0.246704 0.021875 0.028249
4 0.449063 0.245762 0.019375 0.026365
4 0.482187 0.728814 0.064375 0.301319
4 0.501875 0.685499 0.055000 0.090396
4 0.549375 0.662900 0.042500 0.160076
4 0.610313 0.738700 0.071875 0.338041
4 0.025937 0.651130 0.051875 0.253296
4 0.047813 0.612523 0.031875 0.125235
4 0.105313 0.602165 0.026875 0.115819
4 0.180312 0.610170 0.038125 0.143127
4 0.234687 0.639830 0.039375 0.209981
4 0.485000 0.713276 0.046250 0.260829
4 0.550625 0.634181 0.038750 0.125236
4 0.573438 0.653484 0.030625 0.086630
4 0.130312 0.571563 0.138125 0.239172
4 0.266250 0.555556 0.297500 0.386064
4 0.706875 0.622881 0.585000 0.724105