4 0.066250 0.234052 0.112500 0.409943
4 0.674063 0.472796 0.543125 0.756097
4 0.370625 0.242027 0.501250 0.484053
4 0.799063 0.280488 0.333125 0.560976
4 0.233437 0.448874 0.231875 0.186679
4 0.240312 0.508443 0.084375 0.121951
4 0.057188 0.758912 0.114375 0.300188
4 0.270312 0.710600 0.281875 0.357411
4 0.285000 0.904784 0.013750 0.019700
4 0.346562 0.836304 0.018125 0.040338
4 0.366250 0.799718 0.013750 0.029081
4 0.416250 0.798781 0.016250 0.030957
4 0.607813 0.962008 0.040625 0.053471
4 0.597500 0.904784 0.012500 0.038462
4 0.621875 0.931988 0.020000 0.036585
4 0.764687 0.660882 0.009375 0.036585
4 0.830937 0.945591 0.033125 0.054408
4 0.878750 0.756566 0.011250 0.034709
4 0.967187 0.973734 0.014375 0.022514