4 0.736250 0.718105 0.398750 0.522514
4 0.018750 0.724672 0.037500 0.119137
4 0.435312 0.784709 0.129375 0.372420
4 0.548750 0.823640 0.133750 0.350844
4 0.678125 0.441370 0.063750 0.087242
4 0.713437 0.425891 0.026875 0.067542
4 0.764687 0.422139 0.026875 0.071294
4 0.965000 0.817543 0.068750 0.357411
4 0.030000 0.408537 0.060000 0.280488
4 0.104687 0.413696 0.066875 0.279550
4 0.173437 0.429643 0.165625 0.538461
4 0.260625 0.441370 0.221250 0.588180
4 0.352812 0.487805 0.114375 0.589118
4 0.415000 0.491557 0.168750 0.692308
4 0.550938 0.498124 0.279375 0.709193