4 0.667578 0.622951 0.211719 0.238876
4 0.262500 0.447892 0.525000 0.080796
4 0.499609 0.779274 0.999219 0.439110
4 0.559375 0.534544 0.101562 0.104215
4 0.764844 0.460187 0.468750 0.086651
4 0.844922 0.717213 0.296094 0.137002
4 0.764453 0.519906 0.071094 0.065574
4 0.967187 0.617096 0.064063 0.056206
4 0.230078 0.494731 0.022656 0.071429
4 0.308203 0.533958 0.024218 0.100702
4 0.340234 0.536886 0.036719 0.106557
4 0.379297 0.552693 0.033594 0.121780
4 0.399609 0.573770 0.052344 0.140515
4 0.460938 0.588407 0.126563 0.193209