4 0.370000 0.548312 0.233750 0.284241
4 0.178750 0.186210 0.357500 0.372420
4 0.198437 0.717167 0.396875 0.201688
4 0.315000 0.370075 0.091250 0.092870
4 0.577500 0.430113 0.400000 0.246717
4 0.448437 0.342870 0.058125 0.089119
4 0.828125 0.200282 0.123750 0.090995
4 0.860000 0.481707 0.045000 0.049719
4 0.895938 0.114916 0.070625 0.107880
4 0.881250 0.420731 0.036250 0.030957
4 0.937188 0.513602 0.024375 0.032833
4 0.977500 0.486867 0.043750 0.086304
4 0.986563 0.221388 0.025625 0.082551
4 0.606250 0.585366 0.172500 0.236398