4 0.185000 0.228750 0.097500 0.345834
4 0.729688 0.490833 0.295625 0.270000
4 0.024063 0.330417 0.048125 0.267500
4 0.093125 0.385416 0.077500 0.125833
4 0.139687 0.375833 0.049375 0.151667
4 0.221875 0.375834 0.153750 0.158333
4 0.300312 0.307083 0.094375 0.335833
4 0.344375 0.342916 0.061250 0.179167
4 0.545625 0.372084 0.073750 0.169167
4 0.765937 0.325416 0.066875 0.089167
4 0.815937 0.349583 0.090625 0.699167
4 0.855938 0.388750 0.065625 0.122500
4 0.928438 0.352083 0.141875 0.190833
4 0.965000 0.302084 0.068750 0.604167
4 0.616250 0.565417 0.115000 0.082500