4 0.354375 0.657500 0.296250 0.620000
4 0.353437 0.654167 0.284375 0.628333
4 0.054688 0.434583 0.025625 0.072500
4 0.613125 0.475833 0.076250 0.175000
4 0.656875 0.450833 0.035000 0.105000
4 0.677188 0.437084 0.023125 0.074167
4 0.708125 0.433334 0.038750 0.053333
4 0.327813 0.234584 0.655625 0.469167
4 0.878750 0.228750 0.241250 0.457500
4 0.611875 0.469166 0.071250 0.168333
4 0.660625 0.455000 0.037500 0.110000
4 0.678125 0.444583 0.031250 0.082500
4 0.696562 0.436250 0.020625 0.059166
4 0.711250 0.429584 0.025000 0.069167
4 0.723437 0.420000 0.028125 0.046666