4 0.442366 0.329197 0.417594 0.398540
4 0.499495 0.501460 0.998989 0.839416
4 0.232053 0.282481 0.041456 0.194161
4 0.068756 0.886131 0.068756 0.064233
4 0.118302 0.127007 0.044489 0.052555
4 0.131951 0.772262 0.071789 0.087591
4 0.127402 0.360584 0.038423 0.172262
4 0.163297 0.898540 0.053589 0.051095
4 0.158747 0.578102 0.042467 0.166423
4 0.167341 0.755474 0.047523 0.100730
4 0.169363 0.227008 0.023256 0.086131
4 0.198180 0.237226 0.036400 0.121168
4 0.220424 0.899270 0.070779 0.043796
4 0.221942 0.610949 0.065723 0.153284
4 0.223964 0.834306 0.059657 0.065693
4 0.222952 0.722628 0.047523 0.116788
4 0.233569 0.265694 0.038423 0.125547
4 0.264409 0.656205 0.059657 0.103649
4 0.252780 0.178832 0.030333 0.039416
4 0.263903 0.883212 0.038422 0.070073
4 0.272498 0.256205 0.027301 0.094891
4 0.291204 0.894161 0.026289 0.059854
4 0.323053 0.655474 0.071789 0.072993
4 0.319009 0.581752 0.059656 0.074452
4 0.325076 0.700730 0.061678 0.058394
4 0.343781 0.556204 0.058645 0.110949
4 0.361982 0.884672 0.066734 0.078833
4 0.384227 0.813868 0.050557 0.062773
4 0.403944 0.664234 0.061679 0.134307
4 0.404954 0.892701 0.055611 0.083212
4 0.408999 0.775182 0.025278 0.043795
4 0.436805 0.807299 0.032356 0.040876
4 0.444894 0.906569 0.038422 0.040876
4 0.448939 0.631387 0.038423 0.115328
4 0.476239 0.904380 0.036401 0.039416
4 0.515167 0.639416 0.079878 0.125548
4 0.502023 0.825547 0.051567 0.083211
4 0.539940 0.894161 0.056623 0.059854
4 0.552073 0.860583 0.066734 0.068613
4 0.582407 0.602189 0.040445 0.091971
4 0.599595 0.670803 0.062689 0.106570
4 0.638524 0.653285 0.065723 0.147445
4 0.665318 0.778103 0.052579 0.087591
4 0.682508 0.675912 0.058645 0.075913
4 0.695147 0.903649 0.055611 0.052555
4 0.703741 0.302920 0.052578 0.147445
4 0.720425 0.590511 0.041456 0.054014
4 0.735086 0.312409 0.054600 0.178102
4 0.749747 0.886132 0.045500 0.055475
4 0.759352 0.702190 0.040445 0.078832
4 0.780587 0.834306 0.056623 0.065693
4 0.780081 0.305109 0.045500 0.160583
4 0.782104 0.765694 0.049545 0.068613
4 0.828615 0.273723 0.041456 0.042336
4 0.867037 0.282481 0.035389 0.129927
4 0.895349 0.359854 0.045500 0.071532
4 0.908999 0.256935 0.064712 0.145985
4 0.919616 0.463504 0.047523 0.062774
4 0.941355 0.373722 0.036400 0.055475
4 0.948433 0.762774 0.050556 0.062774
4 0.959049 0.649635 0.055611 0.093430
4 0.990395 0.344526 0.017189 0.099270