4 0.487931 0.723750 0.356896 0.286250
4 0.086207 0.675000 0.101724 0.242500
4 0.114225 0.340000 0.138793 0.143750
4 0.185345 0.725313 0.218966 0.216875
4 0.131034 0.107813 0.096551 0.113125
4 0.202587 0.514687 0.212069 0.189375
4 0.194396 0.389375 0.138793 0.125000
4 0.296983 0.371250 0.107759 0.098750
4 0.301724 0.259062 0.117242 0.124375
4 0.504310 0.237500 0.225862 0.153750
4 0.672845 0.221562 0.100862 0.086875
4 0.723276 0.433438 0.193104 0.141875
4 0.776725 0.724375 0.289655 0.363750
4 0.870690 0.247188 0.181035 0.179375
4 0.873276 0.330313 0.167242 0.119375
4 0.900000 0.537187 0.127586 0.239375
4 0.887069 0.380938 0.096552 0.206875
4 0.499569 0.500313 0.999138 0.998125
4 0.510345 0.445312 0.270690 0.266875