4 0.321875 0.654167 0.113750 0.465000
4 0.321875 0.654167 0.113750 0.465000
4 0.476250 0.204166 0.107500 0.118333
4 0.472500 0.205833 0.092500 0.175000
4 0.316250 0.442500 0.035000 0.048334
4 0.321875 0.465834 0.036250 0.071667
4 0.484375 0.145834 0.028750 0.058333
4 0.478750 0.199167 0.087500 0.168333
4 0.210625 0.325833 0.421250 0.651667
4 0.499375 0.335834 0.998750 0.671667
4 0.320000 0.590834 0.117500 0.231667
4 0.578750 0.548334 0.027500 0.163333
4 0.484375 0.572500 0.256250 0.608334
4 0.278125 0.599167 0.021250 0.185000
4 0.358125 0.603333 0.018750 0.183333
4 0.445000 0.227500 0.027500 0.098334
4 0.506875 0.237500 0.036250 0.085000
4 0.576250 0.503333 0.017500 0.050000
4 0.278125 0.680000 0.013750 0.036666
4 0.361250 0.675833 0.015000 0.038333