4 0.311328 0.110417 0.166406 0.206250
4 0.439063 0.187500 0.134375 0.206250
4 0.511719 0.520833 0.251562 0.456250
4 0.499609 0.154688 0.999219 0.309375
4 0.322656 0.122395 0.148438 0.171875
4 0.411328 0.370834 0.153906 0.289583
4 0.433594 0.215104 0.132812 0.132292
4 0.510547 0.579688 0.255469 0.367709
4 0.254688 0.409896 0.223437 0.248958
4 0.416406 0.830208 0.512500 0.337500
4 0.329297 0.028125 0.032032 0.056250
4 0.411328 0.210938 0.050781 0.086459
4 0.432812 0.136979 0.020313 0.026042
4 0.508984 0.378646 0.055469 0.094792