4 0.522188 0.672917 0.199375 0.542500
4 0.714063 0.637083 0.148125 0.662500
4 0.891250 0.342500 0.200000 0.336666
4 0.020000 0.602916 0.040000 0.480833
4 0.034375 0.427084 0.047500 0.174167
4 0.133125 0.687917 0.206250 0.622500
4 0.215313 0.410000 0.053125 0.118334
4 0.265625 0.564167 0.102500 0.430000
4 0.257188 0.367084 0.046875 0.074167
4 0.297188 0.623333 0.044375 0.311667
4 0.461875 0.579584 0.081250 0.430833
4 0.509687 0.536666 0.089375 0.378333
4 0.510938 0.330000 0.060625 0.120000
4 0.600000 0.609584 0.083750 0.545833
4 0.662813 0.491250 0.054375 0.239166
4 0.925000 0.729583 0.147500 0.454167
4 0.906250 0.115417 0.047500 0.067500
4 0.940937 0.192916 0.091875 0.125833
4 0.103438 0.322500 0.025625 0.086666
4 0.136875 0.320833 0.033750 0.090000
4 0.175625 0.416250 0.080000 0.177500
4 0.163750 0.309583 0.042500 0.067500
4 0.378437 0.605000 0.144375 0.651666
4 0.493437 0.310833 0.025625 0.096667
4 0.530937 0.307083 0.025625 0.095833
4 0.759688 0.072916 0.044375 0.065833
4 0.769687 0.324167 0.059375 0.203333
4 0.499688 0.567084 0.999375 0.864167