4 0.752500 0.296666 0.097500 0.153333
4 0.769375 0.374167 0.141250 0.375000
4 0.026875 0.777500 0.053750 0.065000
4 0.099375 0.516667 0.198750 0.100000
4 0.195000 0.565833 0.380000 0.145000
4 0.070625 0.910000 0.116250 0.070000
4 0.194375 0.565000 0.163750 0.340000
4 0.286250 0.808334 0.207500 0.103333
4 0.318125 0.713334 0.263750 0.073333
4 0.316250 0.538334 0.145000 0.343333
4 0.418750 0.502500 0.175000 0.151666
4 0.503125 0.796667 0.153750 0.050000
4 0.722500 0.713334 0.047500 0.063333
4 0.953750 0.540000 0.090000 0.143334
4 0.599375 0.656667 0.063750 0.116667
4 0.683750 0.651666 0.497500 0.586667