4 0.124000 0.821622 0.068000 0.351351
4 0.178000 0.804054 0.048000 0.321622
4 0.180000 0.801351 0.044000 0.321621
4 0.236000 0.822973 0.060000 0.348648
4 0.302000 0.814865 0.052000 0.305406
4 0.353000 0.827027 0.062000 0.324324
4 0.527000 0.813514 0.098000 0.367567
4 0.757000 0.741891 0.050000 0.218919
4 0.061000 0.840540 0.070000 0.313513
4 0.121000 0.844594 0.082000 0.305405
4 0.187000 0.813514 0.046000 0.254055
4 0.197000 0.798649 0.038000 0.208108
4 0.245000 0.831081 0.066000 0.294594
4 0.308000 0.817568 0.044000 0.267567
4 0.360000 0.837838 0.096000 0.281081
4 0.513000 0.836487 0.090000 0.321621
4 0.770000 0.759459 0.096000 0.189189
4 0.813000 0.854054 0.042000 0.145946
4 0.979000 0.813514 0.038000 0.124325
4 0.606000 0.659460 0.468000 0.675675
4 0.501000 0.433783 0.174000 0.510811
4 0.763000 0.685135 0.062000 0.045946
4 0.902000 0.750000 0.184000 0.391892