4 0.614192 0.649375 0.732143 0.698750
4 0.614192 0.622500 0.743421 0.630000
4 0.027726 0.956562 0.055451 0.085625
4 0.058271 0.942187 0.020677 0.025625
4 0.078477 0.930937 0.025376 0.034375
4 0.150376 0.962500 0.092106 0.073750
4 0.127820 0.931875 0.041353 0.032500
4 0.167293 0.757500 0.028196 0.027500
4 0.187970 0.948750 0.022556 0.036250
4 0.199248 0.763125 0.020676 0.018750
4 0.213816 0.959688 0.038534 0.068125
4 0.258459 0.931875 0.112782 0.032500
4 0.217575 0.762500 0.025376 0.017500
4 0.231673 0.939375 0.017858 0.023750
4 0.268797 0.763437 0.082706 0.015625
4 0.265038 0.967812 0.054511 0.063125
4 0.286654 0.950313 0.035714 0.049375
4 0.316260 0.763125 0.017857 0.018750
4 0.353383 0.968438 0.056391 0.061875
4 0.438439 0.965000 0.108083 0.068750
4 0.468045 0.979688 0.033834 0.039375
4 0.472745 0.947812 0.028195 0.030625
4 0.511748 0.966875 0.038534 0.065000
4 0.720865 0.969375 0.030075 0.060000
4 0.759398 0.960938 0.035715 0.076875
4 0.961466 0.960938 0.075188 0.076875
4 0.189850 0.890000 0.379699 0.158750
4 0.288534 0.719375 0.099624 0.050000
4 0.871711 0.655625 0.254699 0.386250
4 0.499530 0.498437 0.999060 0.996875