4 0.355625 0.638028 0.120000 0.504226
4 0.370000 0.651174 0.136250 0.526761
4 0.583438 0.779343 0.011875 0.056338
4 0.055938 0.915493 0.021875 0.015024
4 0.117500 0.928638 0.011250 0.018779
4 0.132812 0.958216 0.011875 0.025352
4 0.144375 0.934272 0.016250 0.015023
4 0.149062 0.958216 0.018125 0.021596
4 0.225938 0.921596 0.028125 0.025352
4 0.246875 0.919718 0.011250 0.014085
4 0.280937 0.936150 0.023125 0.033803
4 0.310312 0.907981 0.023125 0.013146
4 0.341875 0.892019 0.008750 0.026291
4 0.381563 0.920657 0.014375 0.030986
4 0.418750 0.918779 0.016250 0.019719
4 0.440312 0.910798 0.014375 0.005634
4 0.476875 0.901409 0.010000 0.018779
4 0.514062 0.968545 0.025625 0.038497
4 0.582500 0.800939 0.096250 0.013146
4 0.640313 0.900939 0.016875 0.025352
4 0.651250 0.921126 0.015000 0.022535
4 0.668438 0.923005 0.016875 0.018779
4 0.664687 0.899061 0.006875 0.017840
4 0.745937 0.244132 0.008125 0.011267
4 0.774375 0.239436 0.005000 0.009389
4 0.844688 0.911737 0.020625 0.018780
4 0.904375 0.909390 0.013750 0.019718
4 0.766563 0.556808 0.286875 0.625353