4 0.228438 0.517778 0.280625 0.795556
4 0.704063 0.850556 0.274375 0.245555
4 0.151562 0.880556 0.128125 0.067777
4 0.433438 0.920556 0.035625 0.052223
4 0.521875 0.484445 0.955000 0.968889
4 0.510313 0.929445 0.120625 0.121111
4 0.315625 0.048334 0.013750 0.063333
4 0.329688 0.102778 0.016875 0.054444
4 0.350313 0.031111 0.021875 0.062222
4 0.367500 0.086667 0.022500 0.073333
4 0.388437 0.021667 0.029375 0.043333
4 0.405937 0.063889 0.023125 0.072222
4 0.450313 0.042222 0.021875 0.075556
4 0.491563 0.026111 0.025625 0.052222