4 0.834375 0.712500 0.063750 0.156666
4 0.452812 0.467500 0.286875 0.395000
4 0.753750 0.711667 0.272500 0.200000
4 0.456875 0.437500 0.268750 0.426666
4 0.148750 0.245417 0.297500 0.490833
4 0.634375 0.495000 0.196250 0.271666
4 0.891875 0.367916 0.215000 0.735833
4 0.628437 0.680000 0.015625 0.050000
4 0.681562 0.675833 0.015625 0.055000
4 0.719063 0.678333 0.015625 0.050000
4 0.737812 0.679167 0.016875 0.031667
4 0.754375 0.667083 0.027500 0.069167
4 0.779062 0.671666 0.021875 0.053333
4 0.833750 0.727083 0.033750 0.155833