4 0.199063 0.361250 0.230625 0.400834
4 0.009687 0.575833 0.019375 0.096667
4 0.045937 0.615417 0.031875 0.040833
4 0.128125 0.604167 0.087500 0.050000
4 0.248750 0.632083 0.025000 0.022500
4 0.284375 0.622500 0.038750 0.045000
4 0.367812 0.353750 0.169375 0.389166
4 0.330937 0.601667 0.023125 0.031667
4 0.515313 0.595417 0.061875 0.067500
4 0.713125 0.584167 0.087500 0.051667
4 0.973125 0.618750 0.052500 0.037500
4 0.041250 0.682916 0.075000 0.064167
4 0.153125 0.677083 0.141250 0.072500
4 0.356875 0.699167 0.157500 0.171667
4 0.688438 0.674167 0.214375 0.163333
4 0.811250 0.677083 0.147500 0.140833
4 0.875938 0.680417 0.141875 0.137500
4 0.976250 0.695833 0.046250 0.116667