4 0.904297 0.173177 0.164062 0.197916
4 0.528809 0.562500 0.612305 0.619792
4 0.055176 0.240234 0.110352 0.136719
4 0.176758 0.687500 0.353516 0.424480
4 0.499511 0.404297 0.999023 0.246094
4 0.121582 0.188151 0.120118 0.092448
4 0.179200 0.226563 0.112305 0.093750
4 0.241699 0.154947 0.165039 0.106771
4 0.280274 0.225261 0.162109 0.138021
4 0.334960 0.186849 0.091797 0.105468
4 0.413575 0.163411 0.151367 0.110677
4 0.420899 0.230468 0.136719 0.106771
4 0.718262 0.818359 0.559570 0.360677
4 0.544922 0.250651 0.126953 0.076822
4 0.620117 0.253907 0.076172 0.111979
4 0.785645 0.209635 0.270507 0.184895
4 0.727051 0.272135 0.151367 0.111979
4 0.967773 0.257161 0.062500 0.074219