4 0.676875 0.877084 0.207500 0.245833
4 0.362187 0.827083 0.083125 0.137500
4 0.258125 0.862500 0.237500 0.275000
4 0.838750 0.893334 0.172500 0.196667
4 0.499688 0.825000 0.999375 0.348334
4 0.614688 0.664583 0.015625 0.075833
4 0.650000 0.682083 0.025000 0.062500
4 0.392188 0.876250 0.126875 0.237500
4 0.657188 0.870000 0.216875 0.258334
4 0.008438 0.769583 0.016875 0.032500
4 0.058125 0.757500 0.028750 0.050000
4 0.106250 0.748750 0.080000 0.090834
4 0.165000 0.792500 0.040000 0.051666
4 0.199688 0.771250 0.026875 0.042500
4 0.305000 0.797084 0.033750 0.049167
4 0.339375 0.744584 0.032500 0.040833
4 0.395937 0.735000 0.031875 0.036666
4 0.456250 0.777500 0.036250 0.045000
4 0.544063 0.770417 0.025625 0.024167
4 0.669063 0.823750 0.126875 0.165834
4 0.709063 0.786667 0.025625 0.050000
4 0.766250 0.802917 0.041250 0.069167
4 0.766250 0.760417 0.033750 0.024167
4 0.826562 0.777917 0.054375 0.080833
4 0.851562 0.769583 0.023125 0.064167
4 0.865938 0.783333 0.016875 0.040000
4 0.886250 0.791250 0.028750 0.037500
4 0.935312 0.776250 0.054375 0.074166
4 0.518750 0.760417 0.961250 0.222500
4 0.669687 0.815416 0.114375 0.184167
4 0.395937 0.743333 0.033125 0.046667
4 0.469375 0.876250 0.077500 0.245834
4 0.536250 0.863333 0.086250 0.271667
4 0.843125 0.869167 0.193750 0.260000
4 0.928750 0.867500 0.083750 0.263334
4 0.254375 0.895000 0.195000 0.208334
4 0.407188 0.924584 0.098125 0.149167
4 0.459062 0.902084 0.095625 0.190833
4 0.540312 0.880834 0.095625 0.216667
4 0.665312 0.938333 0.211875 0.121667
4 0.598437 0.847917 0.059375 0.092500
4 0.932187 0.868750 0.091875 0.120834
4 0.386250 0.525000 0.423750 0.586666