4 0.168125 0.792500 0.115000 0.378334
4 0.319375 0.770000 0.112500 0.406666
4 0.761875 0.805833 0.172500 0.365000
4 0.547813 0.618333 0.293125 0.390000
4 0.061875 0.794167 0.113750 0.410000
4 0.762188 0.798334 0.181875 0.401667
4 0.110625 0.757500 0.116250 0.385000
4 0.178125 0.785417 0.090000 0.427500
4 0.226562 0.625000 0.019375 0.068334
4 0.227813 0.686667 0.019375 0.145000
4 0.261250 0.676667 0.037500 0.171667
4 0.400938 0.673333 0.053125 0.205000
4 0.540938 0.389167 0.090625 0.156667
4 0.781250 0.657500 0.126250 0.156666
4 0.170625 0.795417 0.126250 0.407500
4 0.583125 0.873333 0.085000 0.251667
4 0.576875 0.735834 0.070000 0.223333
4 0.057500 0.798750 0.115000 0.400834
4 0.134375 0.675000 0.075000 0.143334
4 0.164062 0.828750 0.108125 0.340834
4 0.207500 0.822917 0.030000 0.335833
4 0.223438 0.650000 0.020625 0.058334
4 0.227187 0.621250 0.020625 0.029166
4 0.263125 0.683333 0.035000 0.140000
4 0.327813 0.800416 0.094375 0.339167
4 0.395625 0.671250 0.041250 0.167500
4 0.540000 0.402083 0.085000 0.127500
4 0.580937 0.906250 0.094375 0.185834
4 0.581250 0.761667 0.070000 0.165000
4 0.674375 0.919167 0.075000 0.160000
4 0.812812 0.688334 0.061875 0.098333