4 0.830859 0.197396 0.160156 0.190625
4 0.201953 0.381771 0.296094 0.332292
4 0.132812 0.206250 0.064063 0.135416
4 0.201953 0.170313 0.108594 0.157291
4 0.248828 0.167708 0.039844 0.118750
4 0.457032 0.314584 0.076563 0.185417
4 0.504297 0.252084 0.074219 0.116667
4 0.554688 0.226562 0.071875 0.107291
4 0.713672 0.331250 0.147656 0.229166
4 0.032031 0.310416 0.064062 0.135417
4 0.340625 0.468229 0.681250 0.213542
4 0.350390 0.737500 0.700781 0.522916
4 0.337890 0.249479 0.075781 0.057292
4 0.387891 0.294271 0.124219 0.030208
4 0.392969 0.332813 0.087500 0.046875
4 0.413281 0.266146 0.081250 0.057292
4 0.409375 0.234375 0.035938 0.058334
4 0.419922 0.258854 0.033594 0.034375
4 0.447657 0.236980 0.032813 0.046875
4 0.698438 0.267708 0.210937 0.093750
4 0.921875 0.320833 0.154688 0.156250
4 0.528906 0.528646 0.250000 0.411458
4 0.826562 0.658333 0.345313 0.681250