4 0.499688 0.642012 0.999375 0.712032
4 0.027187 0.471400 0.031875 0.090730
4 0.122500 0.457593 0.151250 0.165681
4 0.265625 0.440828 0.106250 0.254438
4 0.280938 0.488165 0.121875 0.226825
4 0.324375 0.428994 0.050000 0.191322
4 0.358125 0.432939 0.048750 0.222880
4 0.402500 0.454635 0.118750 0.242604
4 0.375000 0.462525 0.041250 0.242603
4 0.460625 0.452663 0.051250 0.222880
4 0.478750 0.454635 0.066250 0.250493
4 0.525000 0.475345 0.090000 0.252466
4 0.587813 0.411242 0.169375 0.250493
4 0.572500 0.511834 0.100000 0.211045
4 0.691563 0.519724 0.091875 0.349112
4 0.755625 0.534517 0.048750 0.197239
4 0.905000 0.485207 0.098750 0.295858