4 0.732911 0.647059 0.366211 0.705882
4 0.150391 0.230882 0.210937 0.285294
4 0.416992 0.571323 0.365234 0.827941
4 0.724610 0.738236 0.380859 0.523529
4 0.136231 0.230147 0.051757 0.039706
4 0.207520 0.247059 0.036133 0.035294
4 0.364258 0.301470 0.037109 0.041177
4 0.416992 0.321323 0.041016 0.022059
4 0.725586 0.466912 0.037110 0.033824
4 0.768555 0.473529 0.027344 0.038235
4 0.945313 0.526471 0.031250 0.032353
4 0.981445 0.533824 0.027344 0.023529
4 0.268554 0.644118 0.537109 0.708823
4 0.422852 0.694117 0.312500 0.608823
4 0.946777 0.797794 0.104492 0.401470
4 0.427246 0.249264 0.151368 0.213235
4 0.962402 0.433824 0.073242 0.114705
4 0.422364 0.301470 0.172851 0.320589
4 0.725586 0.456618 0.148438 0.307353
4 0.960449 0.496323 0.077148 0.239705
4 0.143067 0.527205 0.286133 0.942647
4 0.943359 0.694117 0.111328 0.608823
4 0.147949 0.631617 0.295898 0.733823
4 0.416992 0.680882 0.314453 0.635294
4 0.948730 0.786764 0.100585 0.423529
4 0.650390 0.319853 0.552735 0.639706
4 0.156250 0.287500 0.142578 0.219118
4 0.401367 0.341912 0.128906 0.245588
4 0.734375 0.510294 0.111328 0.194118
4 0.964843 0.549265 0.068359 0.145588
4 0.897461 0.828677 0.125000 0.339705
4 0.166504 0.263236 0.045898 0.076471
4 0.378907 0.335294 0.042969 0.064706
4 0.745606 0.497059 0.030273 0.055882
4 0.958008 0.557353 0.025391 0.035294