4 0.832187 0.687148 0.129375 0.351782
4 0.600625 0.587242 0.268750 0.742964
4 0.206562 0.356004 0.031875 0.096623
4 0.382812 0.348968 0.023125 0.086304
4 0.490312 0.354596 0.023125 0.060037
4 0.781250 0.683396 0.218750 0.424953
4 0.211875 0.381332 0.016250 0.040338
4 0.384062 0.347092 0.030625 0.071294
4 0.491563 0.351314 0.025625 0.038461
4 0.852187 0.379456 0.026875 0.102252
4 0.133125 0.454033 0.246250 0.206379
4 0.165625 0.329268 0.088750 0.063790
4 0.324063 0.337711 0.069375 0.123828
4 0.798438 0.360694 0.078125 0.214822