4 0.170732 0.820000 0.118199 0.182500
4 0.476548 0.773750 0.206379 0.303750
4 0.181051 0.822812 0.155723 0.243125
4 0.275798 0.849375 0.146341 0.292500
4 0.497186 0.677812 0.168855 0.123125
4 0.969043 0.511875 0.056285 0.051250
4 0.153377 0.875938 0.053471 0.113125
4 0.185741 0.878437 0.035648 0.121875
4 0.259850 0.910937 0.041276 0.114375
4 0.312852 0.920937 0.074109 0.139375
4 0.184803 0.735625 0.035648 0.038750
4 0.273452 0.761562 0.045966 0.029375
4 0.338649 0.291563 0.677298 0.583125
4 0.743902 0.251250 0.510319 0.502500
4 0.272514 0.841875 0.102252 0.092500
4 0.940431 0.564063 0.117261 0.086875
4 0.132740 0.809375 0.030957 0.085000
4 0.237805 0.738750 0.066604 0.066250
4 0.232646 0.809375 0.041275 0.041250
4 0.311914 0.747188 0.060976 0.076875