4 0.486875 0.522514 0.516250 0.954972
4 0.040313 0.436210 0.076875 0.442776
4 0.260313 0.300656 0.116875 0.182927
4 0.699688 0.233584 0.155625 0.382739
4 0.072813 0.148218 0.144375 0.296435
4 0.117500 0.048312 0.191250 0.096623
4 0.221875 0.166511 0.148750 0.333021
4 0.329375 0.151970 0.102500 0.303940
4 0.368125 0.054878 0.068750 0.109756
4 0.537188 0.060506 0.081875 0.121013
4 0.602500 0.045966 0.105000 0.091932
4 0.676250 0.048312 0.065000 0.096623
4 0.866250 0.243433 0.266250 0.486867
4 0.474062 0.754221 0.534375 0.489681
4 0.440312 0.128049 0.071875 0.126642
4 0.697812 0.083020 0.038125 0.049719