4 0.883437 0.411667 0.068125 0.216667
4 0.525625 0.577916 0.193750 0.345833
4 0.081875 0.925000 0.163750 0.148334
4 0.376563 0.920834 0.139375 0.156667
4 0.497500 0.943334 0.148750 0.111667
4 0.480000 0.394583 0.077500 0.134167
4 0.545625 0.400834 0.075000 0.098333
4 0.654687 0.961250 0.096875 0.075834
4 0.678125 0.443750 0.047500 0.225834
4 0.764687 0.925000 0.130625 0.148334
4 0.742813 0.433750 0.084375 0.225834
4 0.960625 0.915833 0.077500 0.166667
4 0.289375 0.667917 0.261250 0.322500
4 0.323125 0.555833 0.271250 0.273333