4 0.489062 0.684167 0.058125 0.230000
4 0.670000 0.657500 0.346250 0.245000
4 0.430312 0.707083 0.060625 0.177500
4 0.928750 0.707500 0.068750 0.201666
4 0.970938 0.697083 0.056875 0.222500
4 0.006250 0.457917 0.012500 0.022500
4 0.018750 0.370416 0.012500 0.020833
4 0.059375 0.374167 0.011250 0.020000
4 0.065937 0.460417 0.011875 0.024167
4 0.082187 0.305417 0.015625 0.017500
4 0.102188 0.373333 0.011875 0.018333
4 0.102813 0.305417 0.013125 0.017500
4 0.107813 0.458750 0.008125 0.014166
4 0.156250 0.330417 0.008750 0.019167
4 0.187188 0.436250 0.016875 0.020834
4 0.189375 0.332083 0.012500 0.019167
4 0.216562 0.328750 0.010625 0.015834
4 0.230625 0.432083 0.015000 0.022500
4 0.246250 0.325833 0.010000 0.016667
4 0.262188 0.400834 0.011875 0.021667
4 0.273750 0.342917 0.008750 0.017500
4 0.287500 0.406250 0.012500 0.019166
4 0.299063 0.346666 0.013125 0.013333
4 0.300312 0.292083 0.013125 0.019167
4 0.306875 0.409583 0.015000 0.019167
4 0.331250 0.460417 0.010000 0.017500
4 0.352187 0.300000 0.010625 0.016666
4 0.354688 0.385417 0.013125 0.022500
4 0.378437 0.689583 0.016875 0.027500
4 0.380313 0.462083 0.013125 0.020833
4 0.414062 0.418750 0.013125 0.020834
4 0.429063 0.629584 0.024375 0.029167
4 0.437812 0.492084 0.011875 0.019167
4 0.459688 0.483750 0.014375 0.019166
4 0.492188 0.611250 0.021875 0.029166
4 0.500625 0.517084 0.012500 0.020833
4 0.518750 0.375000 0.012500 0.021666
4 0.524375 0.467083 0.011250 0.027500
4 0.546563 0.635417 0.016875 0.022500
4 0.560000 0.326250 0.012500 0.020834
4 0.601562 0.387916 0.015625 0.020833
4 0.608437 0.306250 0.009375 0.022500
4 0.619063 0.461250 0.019375 0.025834
4 0.630937 0.305416 0.008125 0.014167
4 0.658125 0.270834 0.010000 0.016667
4 0.676250 0.386250 0.012500 0.020834
4 0.682187 0.468750 0.011875 0.020834
4 0.697500 0.265417 0.013750 0.017500
4 0.705313 0.478333 0.011875 0.018333
4 0.712187 0.384584 0.015625 0.020833
4 0.729688 0.266250 0.011875 0.019166
4 0.749687 0.463750 0.015625 0.017500
4 0.758437 0.359584 0.014375 0.019167
4 0.778437 0.465417 0.010625 0.020833
4 0.801562 0.277917 0.018125 0.020833
4 0.800937 0.354583 0.014375 0.019167
4 0.813125 0.457083 0.015000 0.017500
4 0.829375 0.276666 0.011250 0.011667
4 0.846875 0.457083 0.010000 0.024167
4 0.884687 0.353750 0.014375 0.020834
4 0.899687 0.451666 0.013125 0.023333
4 0.900313 0.287084 0.011875 0.019167
4 0.914687 0.354583 0.014375 0.019167
4 0.932187 0.615417 0.020625 0.032500
4 0.933437 0.448333 0.013125 0.016667
4 0.967500 0.386250 0.011250 0.024166
4 0.974687 0.603333 0.023125 0.041667
4 0.979688 0.492084 0.015625 0.025833
4 0.990312 0.390416 0.013125 0.015833