4 0.856563 0.658334 0.159375 0.536667
4 0.461250 0.409167 0.040000 0.050000
4 0.500312 0.061250 0.105625 0.122500
4 0.499063 0.404166 0.018125 0.053333
4 0.531875 0.411250 0.073750 0.080834
4 0.571250 0.425000 0.041250 0.070000
4 0.781562 0.643750 0.298125 0.710834
4 0.675312 0.412917 0.060625 0.115833
4 0.767188 0.460834 0.075625 0.256667
4 0.898750 0.385417 0.071250 0.149167
4 0.962500 0.547083 0.073750 0.325833
4 0.948750 0.362916 0.026250 0.035833
4 0.967500 0.392500 0.063750 0.108334
4 0.151250 0.025000 0.086250 0.050000
4 0.409062 0.030833 0.113125 0.061667
4 0.750000 0.217084 0.498750 0.434167
4 0.460000 0.432084 0.047500 0.020833
4 0.495625 0.056667 0.113750 0.113333
4 0.505312 0.430416 0.024375 0.040833
4 0.545313 0.415833 0.050625 0.053333
4 0.572500 0.412917 0.045000 0.072500
4 0.654062 0.391667 0.016875 0.073333
4 0.678438 0.470000 0.063125 0.196666
4 0.764687 0.467500 0.058125 0.201666
4 0.886875 0.398750 0.046250 0.129166
4 0.910937 0.347916 0.029375 0.069167
4 0.958125 0.536250 0.082500 0.325834
4 0.932813 0.344167 0.014375 0.048333
4 0.310937 0.442916 0.621875 0.884167