4 0.227459 0.565217 0.280054 0.507247
4 0.060109 0.397645 0.057377 0.175724
4 0.361339 0.317935 0.159836 0.606884
4 0.438524 0.299819 0.051913 0.599638
4 0.492486 0.396739 0.039617 0.159420
4 0.522541 0.380435 0.066940 0.199275
4 0.564890 0.391304 0.053279 0.181159
4 0.590847 0.342391 0.080602 0.286232
4 0.669399 0.375906 0.106558 0.349638
4 0.734290 0.383152 0.064207 0.385870
4 0.794399 0.358696 0.107924 0.423913
4 0.829918 0.388587 0.107924 0.179348
4 0.904371 0.348732 0.106557 0.240942
4 0.965847 0.309782 0.065574 0.293479
4 0.465164 0.580615 0.023224 0.048913
4 0.525273 0.587862 0.020492 0.027174
4 0.575137 0.572464 0.021858 0.043478
4 0.622951 0.579711 0.024590 0.021739
4 0.790984 0.531703 0.016393 0.027174
4 0.838797 0.534420 0.010929 0.025362
4 0.867487 0.541667 0.013661 0.010869
4 0.837431 0.519927 0.103825 0.068841