4 0.145313 0.535775 0.188125 0.214651
4 0.047813 0.345827 0.095625 0.293015
4 0.154375 0.240204 0.308750 0.480409
4 0.217187 0.203577 0.180625 0.407155
4 0.634062 0.202726 0.730625 0.405451
4 0.184375 0.437393 0.060000 0.043441
4 0.357187 0.398211 0.080625 0.031516
4 0.596250 0.321976 0.038750 0.061329
4 0.684688 0.410136 0.033125 0.031516
4 0.799375 0.383305 0.050000 0.061328
4 0.895938 0.347104 0.059375 0.045144
4 0.288750 0.513203 0.103750 0.169506
4 0.399375 0.516609 0.085000 0.172913
4 0.625625 0.431005 0.101250 0.161840
4 0.802500 0.482538 0.098750 0.111584
4 0.880000 0.463799 0.100000 0.166098