4 0.207500 0.861155 0.167500 0.094703
4 0.043750 0.834671 0.087500 0.096308
4 0.034375 0.651685 0.016250 0.064205
4 0.100625 0.613162 0.083750 0.054574
4 0.106875 0.656500 0.036250 0.083467
4 0.176875 0.689407 0.106250 0.069021
4 0.166875 0.784110 0.078750 0.072231
4 0.168125 0.609150 0.031250 0.049759
4 0.248125 0.769663 0.076250 0.040128
4 0.251250 0.630819 0.037500 0.048154
4 0.340625 0.784912 0.073750 0.089888
4 0.377500 0.570626 0.077500 0.056180
4 0.398750 0.637239 0.085000 0.067416
4 0.424375 0.865169 0.106250 0.105939
4 0.458125 0.731140 0.086250 0.094703
4 0.651250 0.694222 0.365000 0.383627
4 0.774375 0.573836 0.033750 0.046549
4 0.816250 0.623595 0.080000 0.049759
4 0.856250 0.658909 0.062500 0.020867
4 0.948750 0.641252 0.077500 0.081862