4 0.543847 0.719531 0.069231 0.470312
4 0.443461 0.435157 0.857693 0.845313
4 0.638462 0.505468 0.320000 0.982813
4 0.782307 0.764063 0.116923 0.459375
4 0.538461 0.548438 0.026153 0.050000
4 0.800000 0.574218 0.046154 0.107813
4 0.537692 0.559375 0.027692 0.062500
4 0.796923 0.562500 0.033846 0.068750
4 0.045000 0.210156 0.090000 0.364063
4 0.788077 0.394531 0.422308 0.754687
4 0.540770 0.985156 0.036923 0.026563
4 0.540000 0.568750 0.020000 0.053124
4 0.797693 0.563281 0.021539 0.060938
4 0.528846 0.699218 0.030000 0.204687
4 0.570385 0.639062 0.030000 0.065625
4 0.753846 0.631250 0.046154 0.050000
4 0.829616 0.717187 0.022307 0.190625
4 0.545000 0.561719 0.003846 0.010937
4 0.795769 0.565625 0.002308 0.012500
4 0.066923 0.769531 0.098462 0.067188