4 0.859375 0.604412 0.216796 0.205882
4 0.182129 0.653676 0.098633 0.110295
4 0.458496 0.487500 0.411132 0.495588
4 0.034180 0.036764 0.033203 0.073529
4 0.216309 0.035294 0.032227 0.070588
4 0.271973 0.035294 0.034179 0.070588
4 0.328613 0.037500 0.028320 0.075000
4 0.906250 0.525735 0.113282 0.369118
4 0.601074 0.652941 0.079102 0.079412
4 0.798340 0.658824 0.104492 0.126471
4 0.960449 0.650736 0.077148 0.133823
4 0.890625 0.694118 0.015626 0.029412
4 0.923828 0.630883 0.031250 0.038235
4 0.413574 0.579412 0.684570 0.250000