4 0.384688 0.420416 0.176875 0.234167
4 0.477187 0.743334 0.528125 0.513333
4 0.379688 0.239167 0.011875 0.006667
4 0.396250 0.250833 0.007500 0.010000
4 0.418125 0.311666 0.007500 0.008333
4 0.431250 0.312500 0.005000 0.010000
4 0.481250 0.265834 0.007500 0.006667
4 0.491875 0.268750 0.005000 0.009166
4 0.403125 0.378750 0.215000 0.329166
4 0.379688 0.248750 0.051875 0.064166
4 0.417500 0.308334 0.031250 0.058333
4 0.475000 0.246250 0.045000 0.065834
4 0.499688 0.227500 0.999375 0.455000
4 0.414687 0.352500 0.063125 0.053334
4 0.481875 0.342500 0.105000 0.166666