4 0.499375 0.479167 0.750000 0.950000
4 0.039688 0.488750 0.079375 0.200834
4 0.023438 0.232917 0.019375 0.022500
4 0.088125 0.224583 0.011250 0.025833
4 0.156562 0.233750 0.009375 0.024166
4 0.274062 0.537083 0.073125 0.077500
4 0.283750 0.524166 0.085000 0.071667
4 0.555000 0.607500 0.041250 0.053334
4 0.892188 0.408750 0.054375 0.129166
4 0.929063 0.411667 0.065625 0.115000
4 0.994687 0.410000 0.009375 0.086666
4 0.047500 0.205417 0.095000 0.082500
4 0.139375 0.206250 0.112500 0.080834
4 0.923750 0.210834 0.148750 0.058333