4 0.279687 0.563970 0.559375 0.872060
4 0.008438 0.049389 0.016875 0.098777
4 0.176875 0.118062 0.353750 0.236124
4 0.032812 0.129351 0.021875 0.258702
4 0.047188 0.130292 0.029375 0.260583
4 0.080312 0.113829 0.019375 0.227658
4 0.116875 0.103481 0.017500 0.206961
4 0.142188 0.095955 0.026875 0.191910
4 0.183438 0.086077 0.018125 0.172154
4 0.263125 0.085137 0.146250 0.170273
4 0.341875 0.083725 0.013750 0.165569
4 0.378437 0.368768 0.018125 0.737535
4 0.409687 0.396520 0.039375 0.793039
4 0.490938 0.385230 0.018125 0.770461
4 0.526250 0.160865 0.057500 0.321731
4 0.572812 0.361242 0.079375 0.722484
4 0.635312 0.392757 0.026875 0.785513
4 0.665938 0.125588 0.009375 0.251176
4 0.692813 0.118062 0.021875 0.236124
4 0.725625 0.103011 0.048750 0.204139
4 0.776563 0.085137 0.023125 0.170273
4 0.803750 0.086077 0.017500 0.172154
4 0.853750 0.081374 0.066250 0.162747
4 0.928438 0.362653 0.141875 0.725306
4 0.786250 0.576199 0.311250 0.845719