4 0.547500 0.532833 0.093750 0.129456
4 0.185000 0.515478 0.010000 0.030957
4 0.309688 0.474672 0.028125 0.050657
4 0.331562 0.489212 0.009375 0.032834
4 0.398750 0.530957 0.005000 0.015010
4 0.409062 0.529081 0.009375 0.016885
4 0.540937 0.452626 0.025625 0.029081
4 0.562812 0.479832 0.013125 0.032833
4 0.613438 0.544559 0.009375 0.038462
4 0.905625 0.558631 0.011250 0.040337
4 0.944688 0.563321 0.008125 0.042214
4 0.957500 0.553940 0.007500 0.030956
4 0.986250 0.561445 0.011250 0.038461
4 0.195625 0.541276 0.045000 0.048780
4 0.318125 0.541276 0.090000 0.086304
4 0.406250 0.553002 0.051250 0.040338
4 0.819688 0.550188 0.024375 0.053471