4 0.387813 0.792250 0.440625 0.415500
4 0.402500 0.758170 0.388750 0.371616
4 0.448750 0.492063 0.016250 0.080299
4 0.471562 0.485528 0.016875 0.093371
4 0.589063 0.439775 0.020625 0.085901
4 0.649062 0.416434 0.045625 0.123249
4 0.421563 0.199813 0.021875 0.046685
4 0.460000 0.386088 0.011250 0.051354
4 0.494375 0.171802 0.008750 0.056022
4 0.578437 0.641923 0.145625 0.333333
4 0.518750 0.133520 0.013750 0.056022
4 0.551562 0.089635 0.013125 0.059757
4 0.565625 0.313725 0.022500 0.052287
4 0.588750 0.046686 0.017500 0.061625
4 0.614375 0.266574 0.017500 0.049487
4 0.635938 0.011671 0.023125 0.023343
4 0.372188 0.790382 0.390625 0.417367
4 0.577500 0.639123 0.153750 0.348273