4 0.855312 0.708255 0.101875 0.363978
4 0.686250 0.518293 0.323750 0.670732
4 0.548125 0.683865 0.101250 0.390244
4 0.140000 0.538930 0.101250 0.124765
4 0.225938 0.489681 0.249375 0.227016
4 0.457812 0.523452 0.119375 0.166980
4 0.501250 0.569419 0.052500 0.078799
4 0.803125 0.565666 0.105000 0.086304
4 0.806875 0.524860 0.097500 0.121013
4 0.878125 0.515948 0.088750 0.082551
4 0.539062 0.714352 0.068125 0.297373
4 0.839063 0.750938 0.068125 0.259850
4 0.864375 0.666041 0.045000 0.082552
4 0.364375 0.687148 0.155000 0.336773