4 0.336875 0.594787 0.303750 0.567141
4 0.715938 0.680885 0.151875 0.360189
4 0.115625 0.442338 0.205000 0.511848
4 0.138125 0.300948 0.098750 0.320695
4 0.355313 0.597156 0.274375 0.543444
4 0.617188 0.675355 0.090625 0.169037
4 0.747500 0.569511 0.053750 0.308057
4 0.783750 0.593997 0.057500 0.473934
4 0.890313 0.480253 0.129375 0.770932
4 0.673750 0.319115 0.332500 0.559242
4 0.212813 0.830174 0.039375 0.064771
4 0.680625 0.757503 0.072500 0.178515
4 0.764062 0.708531 0.024375 0.140600
4 0.038437 0.735387 0.035625 0.080568
4 0.058125 0.803318 0.047500 0.048973
4 0.768750 0.811217 0.022500 0.039495
4 0.600000 0.489731 0.128750 0.407583
4 0.077500 0.571090 0.155000 0.298578
4 0.079063 0.739337 0.068125 0.123223
4 0.252188 0.687204 0.124375 0.382306
4 0.615312 0.718800 0.028125 0.088467
4 0.750000 0.630332 0.033750 0.116904
4 0.788750 0.689574 0.045000 0.282781
4 0.893750 0.782780 0.108750 0.197473
4 0.271875 0.799368 0.143750 0.120064
4 0.679062 0.759873 0.073125 0.192733
4 0.750312 0.723539 0.021875 0.116904
4 0.949688 0.585308 0.023125 0.067930