4 0.192083 0.883333 0.310833 0.200000
4 0.142500 0.627500 0.203334 0.161666
4 0.346666 0.625000 0.143333 0.160000
4 0.623750 0.381250 0.122500 0.144166
4 0.775833 0.769583 0.315000 0.394167
4 0.859166 0.378333 0.106667 0.201667
4 0.210000 0.865000 0.355000 0.216666
4 0.137917 0.623333 0.192500 0.201667
4 0.157917 0.263333 0.222500 0.450000
4 0.337083 0.266667 0.290833 0.418333
4 0.387500 0.616250 0.206666 0.194166
4 0.613333 0.378750 0.213333 0.215834
4 0.745000 0.740417 0.463334 0.442500
4 0.854167 0.375833 0.216667 0.213333