4 0.390313 0.197099 0.084375 0.163822
4 0.300625 0.795222 0.105000 0.204778
4 0.297187 0.803327 0.086875 0.161263
4 0.314375 0.790103 0.106250 0.203071
4 0.404062 0.845563 0.060625 0.095563
4 0.496875 0.805034 0.102500 0.186860
4 0.556563 0.833191 0.080625 0.120307
4 0.654688 0.797355 0.123125 0.195392
4 0.662813 0.480802 0.088125 0.188566
4 0.750625 0.789250 0.102500 0.271331
4 0.797500 0.775597 0.060000 0.232082
4 0.855938 0.553327 0.028125 0.113481
4 0.892500 0.620734 0.101250 0.227816
4 0.903125 0.791382 0.112500 0.197099
4 0.955625 0.609216 0.087500 0.221843
4 0.083125 0.499574 0.161250 0.999147
4 0.514687 0.534130 0.635625 0.923208
4 0.914687 0.527304 0.169375 0.909556
4 0.069062 0.861348 0.135625 0.275598
4 0.401875 0.224829 0.107500 0.101536
4 0.412500 0.864761 0.056250 0.052048
4 0.496875 0.809727 0.102500 0.162116
4 0.553438 0.817406 0.074375 0.073379
4 0.556563 0.704778 0.065625 0.088737
4 0.664062 0.506400 0.075625 0.111775
4 0.751875 0.781570 0.090000 0.201366
4 0.796250 0.779864 0.060000 0.211605
4 0.893437 0.637372 0.098125 0.156996
4 0.902500 0.829778 0.103750 0.122014
4 0.953125 0.633959 0.092500 0.153584
4 0.892813 0.377560 0.105625 0.313140
4 0.062187 0.863908 0.124375 0.270478
4 0.380312 0.228242 0.054375 0.106655
4 0.405313 0.864761 0.041875 0.058874
4 0.498750 0.824659 0.065000 0.122014
4 0.556563 0.697099 0.039375 0.076792
4 0.568750 0.831484 0.051250 0.034983
4 0.662813 0.813993 0.075625 0.153584
4 0.673125 0.509812 0.043750 0.115188
4 0.735938 0.796928 0.068125 0.146758
4 0.804375 0.800341 0.051250 0.146758
4 0.854688 0.573805 0.023125 0.041809
4 0.888125 0.637373 0.090000 0.165529
4 0.882812 0.830631 0.073125 0.115187
4 0.962500 0.634813 0.073750 0.156997
4 0.630938 0.633959 0.390625 0.399318