4 0.663750 0.559100 0.222500 0.555347
4 0.684063 0.570356 0.206875 0.525329
4 0.111250 0.185741 0.222500 0.371482
4 0.039062 0.537054 0.071875 0.188555
4 0.115313 0.373359 0.224375 0.330207
4 0.235625 0.294559 0.111250 0.292683
4 0.423438 0.229831 0.318125 0.459662
4 0.641250 0.199344 0.115000 0.398687
4 0.702187 0.144465 0.126875 0.288931
4 0.803750 0.291276 0.102500 0.582552
4 0.860938 0.288461 0.080625 0.576923
4 0.945937 0.260788 0.106875 0.521576
4 0.413750 0.368199 0.112500 0.282364
4 0.396250 0.670262 0.731250 0.657599
4 0.100625 0.562383 0.098750 0.104128
4 0.836562 0.518293 0.113125 0.134147