4 0.566894 0.406296 0.250977 0.285505
4 0.014160 0.524890 0.028320 0.074670
4 0.021972 0.573206 0.028321 0.101025
4 0.058594 0.921669 0.072266 0.144948
4 0.140625 0.533675 0.144532 0.101024
4 0.102539 0.846998 0.062500 0.150805
4 0.098145 0.689604 0.024414 0.081991
4 0.102539 0.609810 0.025390 0.083455
4 0.111328 0.667643 0.042968 0.096633
4 0.113769 0.752562 0.040039 0.163982
4 0.140136 0.763543 0.043945 0.142020
4 0.146973 0.970718 0.057617 0.055637
4 0.143555 0.647145 0.048828 0.125915
4 0.175293 0.695461 0.026368 0.140556
4 0.190918 0.723279 0.045898 0.152269
4 0.209473 0.676427 0.030273 0.114203
4 0.232422 0.647145 0.037110 0.108346
4 0.248047 0.810396 0.046875 0.142021
4 0.242188 0.884333 0.027343 0.122987
4 0.246093 0.716691 0.029297 0.095168
4 0.270996 0.730600 0.030274 0.076135
4 0.280761 0.896046 0.043945 0.099561
4 0.277343 0.684480 0.029297 0.042460
4 0.291992 0.785505 0.046875 0.150806
4 0.287598 0.650073 0.032227 0.055637
4 0.296386 0.494876 0.036133 0.070279
4 0.298828 0.466325 0.031250 0.051244
4 0.301269 0.584187 0.036133 0.111273
4 0.327148 0.502929 0.025391 0.101025
4 0.330078 0.828697 0.027344 0.087848
4 0.387208 0.385066 0.102539 0.196194
4 0.362305 0.826501 0.039063 0.159590
4 0.354981 0.077599 0.016601 0.038068
4 0.366210 0.517570 0.033203 0.103953
4 0.375976 0.078331 0.019531 0.030746
4 0.381836 0.505124 0.029296 0.096633
4 0.394531 0.831625 0.039062 0.161054
4 0.400390 0.084187 0.023437 0.030747
4 0.419922 0.838214 0.035156 0.156662
4 0.492188 0.071743 0.101563 0.040995
4 0.487793 0.437774 0.079102 0.122987
4 0.476074 0.975110 0.047852 0.046852
4 0.519043 0.882869 0.040039 0.102489
4 0.534180 0.978038 0.027344 0.040996
4 0.549316 0.855783 0.045899 0.159590
4 0.573242 0.898243 0.044922 0.098096
4 0.569336 0.072474 0.021484 0.039531
4 0.607422 0.975110 0.042968 0.046852
4 0.611328 0.792094 0.035156 0.158126
4 0.626954 0.915080 0.046875 0.161055
4 0.686035 0.739385 0.157226 0.196194
4 0.636230 0.790629 0.051757 0.102489
4 0.661133 0.849195 0.048828 0.064422
4 0.676270 0.919473 0.043945 0.155198
4 0.713379 0.465593 0.063476 0.058566
4 0.705566 0.758419 0.036133 0.155198
4 0.727051 0.940703 0.034180 0.112738
4 0.737793 0.507321 0.020508 0.042460
4 0.757812 0.967057 0.048829 0.062958
4 0.754883 0.872621 0.039062 0.140556
4 0.762695 0.733529 0.027344 0.137628
4 0.771485 0.472181 0.025391 0.098097
4 0.793945 0.792094 0.046875 0.099561
4 0.801270 0.889458 0.053711 0.156662
4 0.804688 0.752562 0.037109 0.070278
4 0.816406 0.922401 0.052734 0.134700
4 0.811036 0.546120 0.022461 0.061494
4 0.831055 0.561493 0.017578 0.077599
4 0.855957 0.539532 0.026368 0.083455
4 0.876953 0.551977 0.039062 0.081991
4 0.887695 0.605417 0.033203 0.057101
4 0.897949 0.904832 0.047852 0.187409
4 0.890625 0.558566 0.023438 0.057101
4 0.915527 0.746706 0.051758 0.152269
4 0.913574 0.568082 0.016602 0.064422
4 0.929688 0.657394 0.035157 0.111274
4 0.946778 0.590776 0.043945 0.112738
4 0.960938 0.696926 0.046875 0.131771
4 0.974121 0.923866 0.049804 0.149341