4 0.498437 0.526667 0.600625 0.896667
4 0.163125 0.560417 0.086250 0.212500
4 0.927188 0.324166 0.043125 0.166667
4 0.036250 0.230417 0.005000 0.012500
4 0.119688 0.257500 0.009375 0.025000
4 0.127188 0.220417 0.008125 0.014167
4 0.185625 0.465417 0.120000 0.419167
4 0.681875 0.636250 0.137500 0.332500
4 0.885312 0.385000 0.051875 0.286666
4 0.897188 0.273750 0.041875 0.067500
4 0.951250 0.316250 0.053750 0.170834
4 0.134375 0.663750 0.030000 0.024166
4 0.217500 0.647084 0.041250 0.035833
4 0.917813 0.392083 0.015625 0.032500
4 0.932500 0.400833 0.013750 0.033333
4 0.887500 0.443334 0.045000 0.151667
4 0.929063 0.365833 0.019375 0.055000
4 0.955937 0.348750 0.050625 0.072500